Date,Open,High,Low,Close,Volume,TOTAL_TRADES,QTY_PER_TRADE,DLV_QTY
2020-12-02,21.0,21.0,21.0,21.0,6000,1.0,6000.0,6000.0
2021-02-24,25.0,25.0,17.0,20.85,18000,3.0,6000.0,0.0
2021-03-17,16.8,21.25,16.8,21.25,12000,2.0,6000.0,0.0
2021-03-22,25.4,25.5,17.1,25.5,48000,8.0,6000.0,6000.0
2021-03-24,27.0,27.0,27.0,27.0,6000,1.0,6000.0,6000.0
2021-03-25,32.0,32.0,32.0,32.0,6000,1.0,6000.0,6000.0
2021-04-09,32.0,32.0,32.0,32.0,18000,3.0,6000.0,18000.0
2021-05-05,32.0,32.0,32.0,32.0,6000,1.0,6000.0,6000.0
2021-07-23,32.0,32.0,32.0,32.0,6000,1.0,6000.0,6000.0
2021-08-25,31.0,31.0,31.0,31.0,18000,3.0,6000.0,18000.0
2021-08-26,31.0,31.0,31.0,31.0,18000,3.0,6000.0,18000.0
2021-09-02,30.0,30.0,30.0,30.0,6000,1.0,6000.0,6000.0
2021-09-22,29.5,29.5,29.5,29.5,12000,2.0,6000.0,12000.0
2021-09-28,30.0,30.0,29.8,29.8,12000,2.0,6000.0,12000.0
2021-09-29,29.7,29.7,29.7,29.7,6000,1.0,6000.0,6000.0
2021-10-14,31.15,31.15,31.15,31.15,6000,1.0,6000.0,6000.0
2021-10-20,32.7,32.7,30.05,32.7,19272,124.0,155.42,19150.0
2021-10-21,34.3,34.3,34.3,34.3,11602,74.0,156.78,11100.0
2021-10-22,36.0,36.0,36.0,36.0,13300,41.0,324.39,13300.0
2021-10-25,37.8,37.8,37.8,37.8,9000,34.0,264.71,9000.0
2021-10-26,39.65,39.65,39.65,39.65,10119,35.0,289.11,10118.0
2021-10-27,41.6,41.6,41.6,41.6,5191,26.0,199.65,5181.0
2021-10-28,43.65,43.65,43.65,43.65,10067,27.0,372.85,10067.0
2021-10-29,45.8,45.8,41.5,45.8,26750,248.0,107.86,16730.0
2021-11-01,48.05,48.05,48.05,48.05,6090,18.0,338.33,6090.0
2021-11-02,50.45,50.45,50.45,50.45,2431,10.0,243.1,2431.0
2021-11-03,52.95,52.95,52.95,52.95,825,7.0,117.86,825.0
2021-11-04,55.55,55.55,50.35,55.4,22194,7.0,3170.57,825.0
2021-11-08,58.15,58.15,58.15,58.15,2457,8.0,307.12,2457.0
2021-11-09,61.05,61.05,56.6,61.05,13482,171.0,78.84,9599.0
2021-11-10,64.1,64.1,64.1,64.1,9733,27.0,360.48,9732.0
2021-11-11,67.3,67.3,67.3,67.3,2527,6.0,421.17,2527.0
2021-11-12,70.65,70.65,70.65,70.65,22596,114.0,198.21,16355.0
2021-11-15,74.15,74.15,74.15,74.15,3352,10.0,335.2,3352.0
2021-11-16,77.85,77.85,77.85,77.85,5121,16.0,320.06,5121.0
2021-11-17,81.7,81.7,81.7,81.7,2074,10.0,207.4,2074.0
2021-11-18,85.75,85.75,85.75,85.75,13468,136.0,99.03,13468.0
2021-11-22,90.0,90.0,90.0,90.0,3547,25.0,141.88,3547.0
2021-11-23,94.5,94.5,94.5,94.5,4129,21.0,196.62,4129.0
2021-11-24,99.2,99.2,99.2,99.2,4910,54.0,90.93,4910.0
2021-11-25,104.15,104.15,104.15,104.15,18818,119.0,158.13,18818.0
2021-11-26,106.25,109.35,104.15,109.35,33792,257.0,131.49,33792.0
2021-11-29,114.8,114.8,104.0,114.8,22262,204.0,109.13,22262.0
2021-11-30,120.5,120.5,111.1,120.5,22882,222.0,103.07,22882.0
2021-12-01,126.0,126.5,117.35,126.5,14833,180.0,82.41,14833.0
2021-12-02,132.8,132.8,127.1,132.8,11515,186.0,61.91,11515.0
2021-12-03,139.05,139.4,135.5,139.4,31256,354.0,88.29,31256.0
2021-12-06,146.3,146.35,146.3,146.3,9863,165.0,59.78,9863.0
2021-12-07,153.6,153.6,139.0,153.6,58420,397.0,147.15,58420.0
2021-12-08,160.0,161.25,146.75,161.25,27488,465.0,59.11,27488.0
2021-12-09,168.5,169.3,164.5,169.3,8860,179.0,49.5,8860.0
2021-12-10,177.75,177.75,174.0,177.75,9658,137.0,70.5,9658.0
2021-12-13,186.6,186.6,181.35,186.6,40045,605.0,66.19,40045.0
2021-12-14,195.0,195.9,177.3,177.3,40631,678.0,59.93,40631.0
2021-12-15,168.45,168.45,168.45,168.45,1958,70.0,27.97,1958.0
2021-12-16,160.05,160.05,160.05,160.05,795,29.0,27.41,795.0
2021-12-17,152.05,152.05,152.05,152.05,1791,33.0,54.27,1791.0
2021-12-20,144.45,144.45,144.45,144.45,151,13.0,11.62,151.0
2021-12-21,137.25,137.25,137.25,137.25,668,21.0,31.81,668.0
2021-12-22,130.4,130.4,130.4,130.4,1093,40.0,27.32,1093.0
2021-12-23,123.9,123.9,123.9,123.9,1108,39.0,28.41,1108.0
2021-12-24,117.75,117.75,117.75,117.75,437,32.0,13.66,437.0
2021-12-27,111.9,111.9,111.9,111.9,927,40.0,23.18,927.0
2021-12-28,106.35,117.45,106.35,117.45,42592,356.0,119.64,42592.0
2021-12-29,123.3,123.3,123.0,123.3,34187,255.0,134.07,34187.0
2021-12-30,129.45,129.45,129.45,129.45,3720,36.0,103.33,3720.0
2021-12-31,135.9,135.9,135.9,135.9,4034,30.0,134.47,4034.0
2022-01-03,142.65,142.65,142.65,142.65,8238,88.0,93.61,8238.0
2022-01-04,149.75,149.75,135.55,140.05,47530,683.0,69.59,47530.0
2022-01-05,147.0,147.0,133.05,134.0,12266,198.0,61.95,12266.0
2022-01-06,127.3,127.3,127.3,127.3,2852,82.0,34.78,2852.0
2022-01-07,120.95,120.95,120.95,120.95,3886,104.0,37.37,3886.0
2022-01-10,114.95,114.95,114.95,114.95,3114,115.0,27.08,3114.0
2022-01-11,109.25,109.25,109.25,109.25,2184,80.0,27.3,2184.0
2022-01-12,103.8,114.7,103.8,114.7,23786,233.0,102.09,23786.0
2022-01-13,120.4,120.4,120.4,120.4,3083,48.0,64.23,3083.0
2022-01-14,126.4,126.4,126.4,126.4,3064,44.0,69.64,3064.0
2022-01-17,132.7,132.7,120.1,120.1,13641,255.0,53.49,13641.0
2022-01-18,114.2,114.3,114.1,114.1,2027,59.0,34.36,2027.0
2022-01-19,108.4,119.8,108.4,119.8,9538,192.0,49.68,9538.0
2022-01-20,125.7,125.7,114.3,123.4,12753,171.0,74.58,12753.0
2022-01-21,119.0,122.9,117.25,117.3,4001,99.0,40.41,4001.0
2022-01-24,117.3,117.3,111.45,111.45,3675,53.0,69.34,3675.0
2022-01-25,105.9,117.0,105.9,108.1,4104,132.0,31.09,4104.0
2022-01-27,113.0,113.5,102.7,113.0,6484,94.0,68.98,6484.0
2022-01-28,108.0,118.05,108.0,112.45,1660,54.0,30.74,1660.0
2022-01-31,117.0,117.0,106.85,109.05,3127,67.0,46.67,3127.0
2022-02-01,107.5,114.45,105.0,113.45,9602,86.0,111.65,9602.0
2022-02-02,113.45,114.45,109.2,113.55,2141,50.0,42.82,2141.0
2022-02-03,113.8,115.0,109.0,113.0,2663,27.0,98.63,2663.0
2022-02-04,108.3,114.0,108.3,110.0,1530,44.0,34.77,1530.0
2022-02-07,106.55,114.0,106.55,110.55,1464,38.0,38.53,1464.0
2022-02-08,107.55,112.5,107.55,109.05,807,32.0,25.22,807.0
2022-02-09,105.45,114.5,105.45,113.9,6020,85.0,70.82,6020.0
2022-02-10,117.75,117.75,109.8,117.2,4975,57.0,87.28,4975.0
2022-02-11,113.1,123.05,113.1,123.05,26226,118.0,222.25,26226.0
2022-02-14,129.1,129.2,123.1,128.65,11054,163.0,67.82,11054.0
2022-02-15,131.8,134.95,127.0,132.7,6133,90.0,68.14,6133.0
2022-02-16,138.1,139.0,127.2,136.8,8645,112.0,77.19,8645.0
2022-02-17,135.25,143.3,132.5,141.35,8654,96.0,90.15,8654.0
2022-02-18,148.15,148.4,141.65,148.1,14442,151.0,95.64,14442.0
2022-02-21,148.0,155.5,144.0,155.05,56638,196.0,288.97,56638.0
2022-02-22,159.0,162.8,147.3,162.6,84973,329.0,258.28,84973.0
2022-02-23,162.6,170.7,155.5,166.5,121452,259.0,468.93,121452.0
2022-02-24,166.7,174.8,158.2,174.5,151194,299.0,505.67,151194.0
2022-02-25,170.1,178.0,165.8,170.05,100550,159.0,632.39,100550.0
2022-02-28,161.55,161.55,161.55,161.55,508,14.0,36.29,508.0
2022-03-02,153.5,153.5,153.5,153.5,174,9.0,19.33,174.0
2022-03-03,145.85,145.85,145.85,145.85,640,19.0,33.68,640.0
2022-03-04,138.6,138.6,138.6,138.6,255885,66.0,3877.05,255885.0
2022-03-07,131.7,131.7,131.7,131.7,123301,,,
2022-03-08,125.15,125.15,125.15,125.15,60391,25.0,2415.64,60391.0
2022-03-09,118.9,118.9,118.9,118.9,22740,52.0,437.31,22740.0
2022-03-10,113.0,113.0,113.0,113.0,14065,58.0,242.5,14065.0
2022-03-11,107.35,118.0,107.35,108.0,83216,300.0,277.39,83216.0
2022-03-14,102.6,108.0,102.6,103.65,20334,132.0,154.05,20334.0
2022-03-15,99.0,103.0,98.5,100.8,9857,136.0,72.48,9857.0
2022-03-16,101.1,103.0,95.8,96.8,27542,243.0,113.34,27542.0
2022-03-17,97.0,99.0,92.0,92.35,9512,126.0,75.49,9512.0
2022-03-21,94.2,94.2,87.75,87.75,5311,90.0,59.01,5311.0
2022-03-22,83.4,83.4,83.4,83.4,1421,45.0,31.58,1421.0
2022-03-23,79.25,87.0,79.25,80.1,224545,247.0,909.09,224545.0
2022-03-24,76.5,80.0,76.1,76.1,272097,116.0,2345.66,272097.0
2022-03-25,76.1,79.9,72.5,79.9,349965,185.0,1891.7,349965.0
2022-03-28,83.85,83.85,83.85,83.85,872,21.0,41.52,872.0
2022-03-29,88.0,88.0,88.0,88.0,47573,140.0,339.81,47571.0
2022-03-30,92.4,92.4,92.4,92.4,3133,38.0,82.45,3133.0
2022-03-31,97.0,97.0,97.0,97.0,2418,23.0,105.13,2418.0
2022-04-01,101.85,101.85,101.85,101.85,2406,22.0,109.36,2406.0
2022-04-04,104.95,106.9,96.8,96.8,26227,379.0,69.2,18982.0
2022-04-05,92.5,100.05,92.0,92.45,21554,529.0,40.74,14024.0
2022-04-06,87.9,92.35,87.9,89.85,10932,284.0,38.49,7974.0
2022-04-07,91.65,94.3,88.4,94.2,12017,232.0,51.8,7381.0
2022-04-08,98.4,98.4,89.5,90.0,8961,240.0,37.34,5436.0
2022-04-11,90.0,92.0,86.2,86.45,7909,199.0,39.74,3005.0
2022-04-12,86.75,89.25,84.15,88.05,3339,98.0,34.07,1446.0
2022-04-13,85.35,89.85,84.95,86.35,13378,138.0,96.94,10490.0
2022-04-18,87.95,87.95,82.05,83.4,12281,176.0,69.78,7479.0
2022-04-19,82.3,87.55,81.15,87.55,10009,117.0,85.55,7290.0
2022-04-20,90.0,91.9,90.0,91.9,5787,105.0,55.11,4491.0
2022-04-21,96.45,96.45,88.15,90.5,10695,303.0,35.3,6053.0
2022-04-22,87.25,92.45,86.3,87.0,7332,132.0,55.55,4522.0
2022-04-25,87.0,87.0,82.85,84.05,4532,128.0,35.41,2700.0
2022-04-26,82.75,88.25,82.7,88.1,7992,122.0,65.51,4424.0
2022-04-27,91.95,91.95,85.05,86.45,2674,89.0,30.04,1376.0
2022-04-28,85.8,89.4,83.0,83.9,2296,86.0,26.7,1213.0
2022-04-29,85.45,88.05,82.5,86.35,2540,66.0,38.48,1353.0
2022-05-02,87.3,87.3,82.05,83.75,2732,70.0,39.03,1601.0
2022-05-04,83.9,87.9,79.6,79.95,4737,109.0,43.46,3668.0
2022-05-05,82.35,82.35,78.8,79.0,1462,42.0,34.81,754.0
2022-05-06,82.0,82.0,75.65,77.45,1984,63.0,31.49,1047.0
2022-05-09,75.65,79.0,74.0,77.05,5788,500.0,11.58,760.0
2022-05-10,74.7,80.45,74.7,76.25,3878,217.0,17.87,584.0
2022-05-12,75.0,78.3,71.95,72.8,7874,528.0,14.91,2243.0
2022-05-13,69.2,75.0,69.2,69.25,6145,321.0,19.14,3306.0
2022-05-16,69.25,71.3,65.8,69.05,1772,74.0,23.95,820.0
2022-05-17,71.0,71.95,65.6,66.85,1512,84.0,18.0,683.0
2022-05-18,66.1,70.15,66.1,69.4,2813,60.0,46.88,2423.0
2022-05-19,69.4,69.4,65.95,67.7,2300,49.0,46.94,1923.0
2022-05-20,71.0,71.05,67.35,69.7,5615,65.0,86.38,4818.0
2022-05-23,66.9,67.6,66.7,67.2,1060,55.0,19.27,866.0
2022-05-24,68.4,70.55,67.15,70.3,1620,49.0,33.06,1289.0
2022-05-25,70.5,73.8,66.8,67.4,14410,354.0,40.71,10658.0
2022-05-26,70.7,70.7,65.0,68.2,4273,269.0,15.88,1451.0
2022-05-27,69.95,69.95,65.1,68.75,9071,415.0,21.86,3854.0
2022-05-30,72.0,72.0,66.1,67.05,11069,357.0,31.01,8639.0
2022-05-31,67.05,68.95,65.7,66.7,5312,142.0,37.41,2605.0
2022-06-01,68.9,68.9,63.65,64.9,8893,226.0,39.35,3778.0
2022-06-02,64.65,68.1,64.65,66.25,3761,120.0,31.34,1426.0
2022-06-03,66.95,67.8,64.15,67.0,10102,188.0,53.73,4062.0
2022-06-06,69.0,69.0,65.45,66.45,5753,475.0,12.11,2788.0
2022-06-07,67.95,69.75,65.1,67.8,2931,319.0,9.19,1008.0
2022-06-08,67.1,67.1,65.5,65.85,1891,44.0,42.98,1515.0
2022-06-09,67.3,67.3,64.7,65.4,1240,37.0,33.51,1072.0
2022-06-10,68.5,68.5,63.6,66.0,2117,98.0,21.6,840.0
2022-06-13,66.0,69.3,64.4,66.0,29994,78.0,384.54,29513.0
2022-06-14,66.0,66.15,64.5,65.15,1138,16.0,71.12,1028.0
2022-06-15,67.95,67.95,65.1,65.25,211,11.0,19.18,109.0
2022-06-16,67.75,67.75,63.0,63.3,2954,51.0,57.92,1963.0
2022-06-17,62.1,64.4,61.7,63.0,433,16.0,27.06,273.0
2022-06-20,63.0,66.15,61.2,61.25,1325,33.0,40.15,801.0
2022-06-21,62.3,64.3,62.1,64.3,873,25.0,34.92,734.0
2022-06-22,64.85,64.85,63.15,63.25,400,12.0,33.33,313.0
2022-06-23,62.45,65.95,62.2,62.65,1815,35.0,51.86,1225.0
2022-06-24,64.95,65.0,62.35,63.0,831,22.0,37.77,579.0
2022-06-27,61.1,64.5,61.1,62.9,550,22.0,25.0,471.0
2022-06-28,62.0,62.25,62.0,62.2,71,5.0,14.2,60.0
2022-06-29,59.15,65.0,59.15,62.9,402,18.0,22.33,328.0
2022-06-30,62.9,65.0,60.2,62.6,497,26.0,19.12,389.0
2022-07-01,60.15,65.0,60.15,62.1,130,9.0,14.44,90.0
2022-07-04,64.75,65.2,64.65,65.2,776,19.0,40.84,753.0
2022-07-05,65.3,68.45,65.3,66.5,863,33.0,26.15,833.0
2022-07-06,67.1,69.8,67.1,69.55,513,29.0,17.69,495.0
2022-07-07,70.15,73.0,67.5,69.75,2821,80.0,35.26,1772.0
2022-07-08,73.05,73.2,72.1,73.15,1001,30.0,33.37,981.0
2022-07-11,71.7,76.8,71.7,76.8,1404,46.0,30.52,1382.0
2022-07-12,80.6,80.6,80.55,80.6,2350,42.0,55.95,2346.0
2022-07-13,84.6,84.6,79.1,84.5,5581,61.0,91.49,3965.0
2022-07-14,88.6,88.6,80.3,80.3,7727,116.0,66.61,5927.0
2022-07-15,76.3,83.35,76.3,76.4,2003,82.0,24.43,1455.0
2022-07-18,72.6,80.2,72.6,76.15,6334,98.0,64.63,2292.0
2022-07-19,74.25,78.35,74.25,75.15,681,21.0,32.43,596.0
2022-07-20,76.65,76.65,71.5,73.9,741,38.0,19.5,514.0
2022-07-21,75.85,75.85,73.0,75.45,17515,20.0,875.75,17352.0
2022-07-22,72.25,79.15,72.2,78.1,2723,49.0,55.57,2140.0
2022-07-25,78.15,81.0,74.9,76.65,750,39.0,19.23,396.0
2022-07-26,75.25,78.95,75.2,75.45,1231,43.0,28.63,622.0
2022-07-27,75.35,78.35,75.3,77.75,749,23.0,32.57,660.0
2022-07-28,80.0,80.0,74.4,77.05,778,29.0,26.83,537.0
2022-07-29,74.45,78.15,74.0,74.2,2332,48.0,48.58,1675.0
2022-08-01,71.75,76.0,71.1,71.45,5023,75.0,66.97,3345.0
2022-08-02,71.2,72.5,69.95,71.15,3426,48.0,71.38,3299.0
2022-08-03,71.85,71.9,67.6,67.8,5940,95.0,62.53,5346.0
2022-08-04,69.5,69.5,67.5,67.6,1783,31.0,57.52,1365.0
2022-08-05,69.55,70.95,67.95,70.5,5757,52.0,110.71,5442.0
2022-08-08,72.0,74.0,71.0,74.0,23683,,,
2022-08-10,77.7,77.7,74.2,75.0,114537,194.0,590.4,85155.0
2022-08-11,72.5,78.0,72.5,77.15,129129,243.0,531.4,66741.0
2022-08-12,80.5,81.0,73.4,78.0,5575,77.0,72.4,4921.0
2022-08-16,78.75,78.8,74.1,74.1,3269,73.0,44.78,2924.0
2022-08-17,77.2,77.8,71.5,75.9,6016,85.0,70.78,4337.0
2022-08-18,77.45,79.65,72.5,75.55,5268,72.0,73.17,4353.0
2022-08-19,77.95,78.0,74.5,75.95,1412,39.0,36.21,977.0
2022-08-22,74.0,78.75,74.0,78.0,2660,72.0,36.94,2119.0
2022-08-23,79.6,80.1,75.0,79.85,5213,187.0,27.88,3231.0
2022-08-24,81.85,81.9,77.45,79.1,1077,182.0,5.92,531.0
2022-08-25,80.7,80.7,77.95,80.0,1653,114.0,14.5,1217.0
2022-08-26,83.0,84.0,78.1,84.0,109133,256.0,426.3,108390.0
2022-08-29,86.0,88.2,84.75,87.05,11108,212.0,52.4,7953.0
2022-08-30,91.4,91.4,86.5,91.4,201486,220.0,915.85,199358.0
2022-09-01,92.0,95.95,91.4,95.95,15472,240.0,64.47,13879.0
2022-09-02,100.6,100.7,96.5,100.65,135226,498.0,271.54,130134.0
2022-09-05,102.9,105.65,102.9,105.65,10804,133.0,81.23,8971.0
2022-09-06,110.9,110.9,109.0,110.9,83931,241.0,348.26,82859.0
2022-09-07,115.0,116.4,105.4,115.4,51776,477.0,108.55,45039.0
2022-09-08,121.0,121.0,110.0,112.2,47632,494.0,96.42,38054.0
2022-09-09,112.0,117.8,107.2,117.2,42999,360.0,119.44,36103.0
2022-09-12,119.9,123.05,115.95,121.15,53739,398.0,135.02,46446.0
2022-09-13,120.1,123.55,116.1,117.3,11673,186.0,62.76,9066.0
2022-09-14,115.0,120.0,111.45,119.65,52543,390.0,134.73,44391.0
2022-09-15,115.2,120.0,115.1,118.85,7337,82.0,89.48,6114.0
2022-09-16,118.25,119.6,112.95,113.15,18763,119.0,157.67,15483.0
2022-09-19,110.7,113.8,107.5,107.75,13827,148.0,93.43,11093.0
2022-09-20,109.9,113.1,105.0,113.1,362587,377.0,961.77,171886.0
2022-09-21,113.15,118.0,108.7,114.25,49786,278.0,179.09,42945.0
2022-09-22,116.4,116.4,109.85,111.6,5573,112.0,49.76,3183.0
2022-09-23,113.35,113.35,107.0,107.65,5543,77.0,71.99,3647.0
2022-09-26,111.5,113.0,103.25,110.95,18562,265.0,70.05,11251.0
2022-09-27,114.0,114.0,106.05,110.0,9162,136.0,67.37,5966.0
2022-09-28,110.0,114.9,107.1,109.4,6429,94.0,68.39,4673.0
2022-09-29,111.1,112.75,104.45,108.55,5781,63.0,91.76,3892.0
2022-09-30,106.05,109.95,106.05,108.5,8853,45.0,196.73,7515.0
2022-10-03,108.9,110.1,105.0,109.5,43785,164.0,266.98,39800.0
2022-10-04,113.5,113.5,104.95,106.4,11520,83.0,138.8,9399.0
2022-10-06,106.0,111.7,101.1,111.3,68948,1517.0,45.45,41776.0
2022-10-07,112.0,116.85,112.0,116.85,115899,2088.0,55.51,88609.0
2022-10-10,116.85,122.0,111.5,120.35,125507,2063.0,60.84,75819.0
2022-10-11,120.35,125.9,120.35,124.9,160519,1758.0,91.31,116160.0
2022-10-12,127.4,128.5,118.7,118.7,229190,1572.0,145.8,202137.0
2022-10-13,113.1,113.1,112.8,112.8,33584,111.0,302.56,33584.0
2022-10-14,107.2,107.2,107.2,107.2,4363,72.0,60.6,4363.0
2022-10-17,101.85,101.85,101.85,101.85,3171,50.0,63.42,3171.0
2022-10-18,96.8,96.8,96.8,96.8,1707,56.0,30.48,1707.0
2022-10-19,92.0,95.0,92.0,92.0,69138,382.0,180.99,52171.0
2022-10-20,87.4,87.4,87.4,87.4,1251,57.0,21.95,1251.0
2022-10-21,83.05,83.05,83.05,83.05,3098,56.0,55.32,3098.0
2022-10-24,78.9,78.9,78.9,78.9,2619,50.0,52.38,2617.0
2022-10-25,75.0,75.0,75.0,75.0,5207,92.0,56.6,5207.0
2022-10-27,71.25,71.25,71.25,71.25,2955,62.0,47.66,2955.0
2022-10-28,67.7,74.8,67.7,67.7,158312,1505.0,105.19,107599.0
2022-10-31,64.35,68.9,64.35,64.45,53021,467.0,113.54,41181.0
2022-11-01,64.5,66.4,61.25,61.25,49799,353.0,141.07,26272.0
2022-11-02,58.65,64.3,58.2,64.3,127256,770.0,165.27,99624.0
2022-11-03,67.5,67.5,66.95,67.5,70375,446.0,157.79,57916.0
2022-11-04,67.55,70.85,64.6,70.75,68532,474.0,144.58,42052.0
2022-11-07,72.9,74.25,71.3,74.25,55553,501.0,110.88,44277.0
2022-11-09,76.9,77.95,76.3,77.95,16087,218.0,73.79,15002.0
2022-11-10,81.8,81.8,81.8,81.8,8644,77.0,112.26,8312.0
2022-11-11,85.85,85.85,77.75,77.75,82963,739.0,112.26,48285.0
2022-11-14,73.9,73.9,73.9,73.9,2721,64.0,42.52,2721.0
2022-11-15,70.25,72.45,70.25,70.25,19667,64.0,307.3,2721.0
2022-11-16,66.8,73.4,66.75,67.45,39113,444.0,88.09,28257.0
2022-11-17,66.1,69.0,65.3,66.7,8642,215.0,40.2,5282.0
2022-11-18,66.8,67.95,63.5,64.6,8138,191.0,42.61,5100.0
2022-11-21,65.0,67.8,61.4,67.65,18537,280.0,66.2,13161.0
2022-11-22,65.0,71.0,65.0,65.65,22389,314.0,71.3,14757.0
2022-11-23,63.65,68.9,63.15,68.9,19750,209.0,94.5,14292.0
2022-11-24,70.9,72.0,67.55,68.95,15559,221.0,70.4,8845.0
2022-11-25,68.95,71.4,68.1,68.95,4154,120.0,34.62,2500.0
2022-11-28,66.3,70.0,66.3,68.9,5580,76.0,73.42,4923.0
2022-11-29,67.55,69.8,67.5,68.2,6576,118.0,55.73,4764.0
2022-11-30,67.6,70.2,66.05,69.6,5348,106.0,50.45,4044.0
2022-12-01,68.25,71.1,68.1,68.5,6643,104.0,63.88,5551.0
2022-12-02,68.4,70.7,68.05,68.5,3297,112.0,29.44,2053.0
2022-12-05,66.65,68.5,66.65,67.85,5321,129.0,41.25,3722.0
2022-12-06,68.9,68.9,66.9,67.0,3136,81.0,38.72,2260.0
2022-12-07,66.2,68.6,65.5,67.65,6542,135.0,48.46,4001.0
2022-12-08,69.9,69.9,66.5,69.3,12213,122.0,100.11,8120.0
2022-12-09,70.95,70.95,68.2,68.9,6993,110.0,63.57,5118.0
2022-12-12,67.55,69.7,67.55,68.4,4461,83.0,53.75,3460.0
2022-12-13,67.65,69.45,66.25,67.1,10649,164.0,64.93,9092.0
2022-12-14,67.0,68.75,67.0,67.25,3152,74.0,42.59,2279.0
2022-12-15,67.85,67.9,66.3,66.4,6295,104.0,60.53,5530.0
2022-12-16,66.0,67.0,64.0,64.9,4448,109.0,40.81,3310.0
2022-12-19,66.0,66.0,64.1,65.2,2994,67.0,44.69,1931.0
2022-12-20,65.35,65.35,63.2,64.25,3559,79.0,45.05,2619.0
2022-12-21,64.75,66.2,62.85,64.0,5293,156.0,33.93,2525.0
2022-12-22,63.15,65.05,62.0,62.4,6202,136.0,45.6,3597.0
2022-12-23,62.0,65.5,59.3,63.65,10698,149.0,71.8,9012.0
2022-12-26,64.95,66.5,63.95,64.65,7177,87.0,82.49,4853.0
2022-12-27,64.3,65.65,63.85,64.85,1064,25.0,42.56,727.0
2022-12-28,67.85,67.85,65.15,66.3,2318,57.0,40.67,1575.0
2022-12-29,63.85,66.85,63.05,63.95,3267,74.0,44.15,2648.0
2022-12-30,61.3,67.1,61.3,66.5,289034,270.0,1070.5,172478.0
2023-01-02,69.8,69.8,64.1,69.8,37468,836.0,44.82,21229.0
2023-01-03,69.8,70.0,67.5,68.75,48061,351.0,136.93,40418.0
2023-01-04,67.75,69.35,66.5,68.35,9296,168.0,55.33,7030.0
2023-01-05,67.1,70.3,66.0,68.8,8422,168.0,50.13,3268.0
2023-01-06,68.0,71.9,67.5,71.2,31397,210.0,149.51,7660.0
2023-01-09,71.2,74.75,69.9,71.85,14241,283.0,50.32,10278.0
2023-01-10,69.15,71.8,69.15,71.15,4286,87.0,49.26,3052.0
2023-01-11,71.15,74.0,71.15,73.4,8669,159.0,54.52,6365.0
2023-01-12,70.05,77.05,70.05,76.9,37731,260.0,145.12,7208.0
2023-01-13,78.0,80.7,74.0,79.25,45646,364.0,125.4,18013.0
2023-01-16,79.95,83.0,76.25,78.65,21165,352.0,60.13,14691.0
2023-01-17,76.75,82.0,76.1,80.75,36967,203.0,182.1,9960.0
2023-01-18,82.0,84.75,79.0,84.0,72500,489.0,148.26,23263.0
2023-01-19,84.7,88.2,83.2,87.7,53521,283.0,189.12,11581.0
2023-01-20,86.9,92.05,86.9,90.95,33037,421.0,78.47,12386.0
2023-01-23,93.5,93.5,86.4,91.5,58165,365.0,159.36,20942.0
2023-01-24,91.5,93.9,86.95,88.3,19910,184.0,108.21,12176.0
2023-01-25,91.9,92.7,86.5,89.6,68429,1151.0,59.45,15652.0
2023-01-27,92.4,92.5,85.2,88.6,15963,122.0,130.84,15963.0
2023-01-30,86.05,92.8,85.6,91.5,20492,64.0,320.19,20492.0
2023-01-31,89.7,92.0,87.5,88.6,3590,54.0,66.48,3590.0
2023-02-01,85.5,91.0,85.5,89.5,10017,111.0,90.24,10017.0
2023-02-02,89.5,89.5,85.1,85.65,4105,54.0,76.02,4105.0
2023-02-03,84.0,86.0,81.45,84.0,3925,39.0,100.64,3925.0
2023-02-06,81.0,82.35,79.8,79.8,2684,41.0,65.46,2684.0
2023-02-07,76.1,83.7,75.85,81.9,11360,167.0,68.02,11360.0
2023-02-08,80.0,85.0,79.0,83.8,7642,147.0,51.99,7642.0
2023-02-09,82.05,87.0,81.4,85.75,7049,71.0,99.28,7049.0
2023-02-10,85.75,86.0,82.65,86.0,101555,59.0,1721.27,101555.0
2023-02-13,86.0,87.4,83.5,86.45,13405,77.0,174.09,13405.0
2023-02-14,83.0,87.0,83.0,85.55,59112,243.0,243.26,59112.0
2023-02-15,87.3,87.3,83.8,84.0,1392,35.0,39.77,1392.0
2023-02-16,83.0,83.95,79.9,83.9,5362,80.0,67.03,5362.0
2023-02-17,79.9,81.5,79.7,79.8,81165,75.0,1082.2,81165.0
2023-02-20,78.2,78.2,75.85,75.85,4514,58.0,77.83,4514.0
2023-02-21,72.55,72.55,72.05,72.05,22431,32.0,700.97,22431.0
2023-02-22,68.45,75.0,68.45,68.9,20630,65.0,317.38,20630.0
2023-02-23,68.7,68.7,65.45,67.05,9380,97.0,96.7,9380.0
2023-02-24,65.75,67.0,63.7,63.7,4091,65.0,62.94,4091.0
2023-02-27,62.45,62.45,60.55,60.55,3508,46.0,76.26,3508.0
2023-02-28,62.75,63.0,59.0,59.95,5446,95.0,57.33,3619.0
2023-03-01,59.9,60.2,57.55,58.3,9918,145.0,68.4,8815.0
2023-03-02,57.05,61.2,57.0,61.2,38684,307.0,126.01,18879.0
2023-03-03,63.7,64.25,62.15,63.15,9752,142.0,68.68,7528.0
2023-03-06,63.2,63.95,60.0,61.95,11085,167.0,66.38,8139.0
2023-03-08,61.85,62.75,60.2,60.6,5131,77.0,66.64,2533.0
2023-03-09,60.6,60.8,57.6,58.5,14343,140.0,102.45,10233.0
2023-03-10,58.5,61.2,56.45,60.85,20842,207.0,100.69,7638.0
2023-03-13,63.85,63.85,58.0,58.4,14001,125.0,112.01,10774.0
2023-03-14,59.6,61.0,58.5,58.7,11877,137.0,86.69,9141.0
2023-03-15,60.9,60.9,57.0,57.15,4656,97.0,48.0,2759.0
2023-03-16,58.5,60.0,55.0,58.8,114433,247.0,463.29,82374.0
2023-03-17,60.15,60.15,57.6,58.0,2559,63.0,40.62,1164.0
2023-03-20,57.95,58.0,56.55,57.0,1661,40.0,41.52,1300.0
2023-03-21,57.2,58.85,56.05,57.05,1524,40.0,38.1,1224.0
2023-03-22,58.95,58.95,56.0,56.55,20918,120.0,174.32,16729.0
2023-03-23,55.7,58.25,55.1,57.65,13311,149.0,89.34,9931.0
2023-03-24,57.65,59.0,56.2,56.55,10557,91.0,116.01,9226.0
2023-03-27,54.4,56.55,54.35,54.95,20417,209.0,97.69,17499.0
2023-03-28,53.9,55.75,52.2,52.2,8537,224.0,38.11,4794.0
2023-03-29,49.6,51.65,49.6,49.6,6796,81.0,83.9,5078.0
2023-03-31,51.9,51.9,49.65,50.7,853,32.0,26.66,503.0
2023-04-03,51.75,53.2,48.2,48.2,31677,261.0,121.37,22652.0
2023-04-05,49.5,50.0,48.2,49.3,10594,193.0,54.89,7265.0
2023-04-06,50.85,50.85,48.35,49.1,4004,87.0,46.02,2446.0
2023-04-10,50.85,50.85,49.5,49.95,2203,61.0,36.11,1327.0
2023-04-11,53.9,53.9,52.0,53.7,7864,136.0,57.82,4293.0
2023-04-12,58.2,58.2,53.0,53.7,8551,319.0,26.81,4132.0
2023-04-13,54.0,54.95,52.3,53.75,1996,51.0,39.14,1304.0
2023-04-17,53.75,53.75,51.1,51.3,3040,59.0,51.53,2020.0
2023-04-18,51.25,51.25,49.15,49.4,5884,82.0,71.76,4757.0
2023-04-19,49.4,52.5,48.85,51.05,5028,128.0,39.28,2537.0
2023-04-20,51.15,52.3,50.0,50.8,411,42.0,9.79,159.0
2023-04-21,52.1,53.1,48.9,50.65,5636,106.0,53.17,3049.0
2023-04-24,49.65,50.75,48.7,50.0,3889,72.0,54.01,2627.0
2023-04-25,50.0,50.0,47.55,48.7,11371,168.0,67.68,7261.0
2023-04-26,48.5,48.55,45.8,47.2,13215,214.0,61.75,7380.0
2023-04-27,48.45,48.85,46.9,47.1,4651,104.0,44.72,3010.0
2023-04-28,46.05,51.15,46.05,50.1,15764,187.0,84.3,11089.0
2023-05-02,50.1,52.6,48.0,49.85,9702,236.0,41.11,6789.0
2023-05-03,48.35,49.85,48.35,49.2,6189,141.0,43.89,3797.0
2023-05-04,51.05,51.05,48.45,48.6,6856,114.0,60.14,4379.0
2023-05-05,50.0,50.45,48.0,48.5,5456,119.0,45.85,4327.0
2023-05-08,50.1,50.1,47.9,48.1,6845,152.0,45.03,5348.0
2023-05-09,48.0,50.05,47.25,47.45,5745,111.0,51.76,3835.0
2023-05-10,48.85,49.2,47.5,47.85,8172,146.0,55.97,5970.0
2023-05-11,47.85,47.85,46.1,46.65,5416,81.0,66.86,4985.0
2023-05-12,45.75,47.8,45.75,47.6,5805,102.0,56.91,4191.0
2023-05-15,47.6,48.6,46.3,47.05,6611,82.0,80.62,4439.0
2023-05-16,47.85,47.9,46.3,46.85,7590,92.0,82.5,5599.0
2023-05-17,46.6,47.4,45.85,46.0,3031,58.0,52.26,2609.0
2023-05-18,46.05,46.8,45.9,46.55,4880,47.0,103.83,4479.0
2023-05-19,46.55,46.85,46.05,46.25,1367,17.0,80.41,1268.0
2023-05-22,46.0,47.0,46.0,46.2,8528,86.0,99.16,7469.0
2023-05-23,48.1,48.1,45.85,45.85,7851,92.0,85.34,6745.0
2023-05-24,46.05,46.7,45.95,46.0,6201,45.0,137.8,5708.0
2023-05-25,45.65,46.65,45.45,46.0,6399,48.0,133.31,5839.0
2023-05-26,45.95,46.0,45.7,46.0,4343,70.0,62.04,4174.0
2023-05-29,46.8,46.8,44.45,44.95,5828,106.0,54.98,4130.0
2023-05-30,46.35,46.35,45.0,45.5,2004,55.0,36.44,1016.0
2023-05-31,45.95,45.95,41.55,42.25,7281,141.0,51.64,5389.0
2023-06-01,42.75,43.45,40.5,41.5,8291,165.0,50.25,5872.0
2023-06-02,41.65,44.0,41.65,42.95,12249,202.0,60.64,9560.0
2023-06-05,46.0,46.0,43.1,43.8,8984,99.0,90.75,7259.0
2023-06-06,45.7,45.7,42.7,43.5,7954,248.0,32.07,5296.0
2023-06-07,44.85,52.2,43.05,46.45,131701,727.0,181.16,51614.0
2023-06-08,49.0,55.7,46.45,52.75,480852,3113.0,154.47,102175.0
2023-06-09,51.25,52.25,46.5,48.5,81280,895.0,90.82,44644.0
2023-06-12,48.5,48.5,46.0,46.4,25291,367.0,68.91,13713.0
2023-06-13,47.5,50.35,47.45,49.1,27844,311.0,89.53,15007.0
2023-06-14,51.0,51.1,48.0,48.95,9097,184.0,49.44,6145.0
2023-06-15,49.75,49.8,48.2,48.9,3438,100.0,34.38,2437.0
2023-06-16,48.2,49.6,46.5,47.3,15812,166.0,95.25,13273.0
2023-06-19,47.3,48.2,46.55,47.0,2206,69.0,31.97,1619.0
2023-06-20,47.5,49.7,47.5,49.2,16295,229.0,71.16,12635.0
2023-06-21,49.25,49.45,48.1,48.65,3017,62.0,48.66,2367.0
2023-06-22,48.0,49.45,48.0,48.65,6866,149.0,46.08,3540.0
2023-06-23,49.3,49.3,47.0,47.2,6430,82.0,78.41,4592.0
2023-06-26,48.7,48.7,46.45,46.5,11950,91.0,131.32,10560.0
2023-06-27,46.5,47.6,44.45,45.7,20606,469.0,43.94,8120.0
2023-06-28,47.6,48.05,45.65,46.15,4129,77.0,53.62,3372.0
2023-06-30,46.25,46.65,44.2,45.0,18806,420.0,44.78,6309.0
2023-07-03,45.95,47.05,45.0,45.9,15230,284.0,53.63,5563.0
2023-07-04,45.3,54.85,45.05,52.05,87993,802.0,109.72,43524.0
2023-07-05,52.2,55.0,49.0,53.25,70898,1144.0,61.97,31773.0
2023-07-06,55.7,58.4,52.95,57.15,82981,1218.0,68.13,34857.0
2023-07-07,58.8,65.0,55.95,63.35,148429,1897.0,78.24,52717.0
2023-07-10,66.95,69.65,65.0,65.7,329888,3312.0,99.6,102803.0
2023-07-11,64.5,66.2,59.15,59.3,50344,848.0,59.37,27429.0
2023-07-12,63.1,63.1,57.8,58.25,35624,454.0,78.47,19729.0
2023-07-13,59.35,59.35,55.6,56.3,10664,125.0,85.31,10664.0
2023-07-14,56.25,58.9,54.15,58.65,35351,101.0,350.01,35351.0
2023-07-17,58.5,58.5,55.75,56.6,5401,83.0,65.07,5401.0
2023-07-18,56.6,57.5,55.0,55.45,5967,90.0,66.3,5967.0
2023-07-19,55.1,55.45,53.2,54.7,4804,74.0,64.92,4804.0
2023-07-20,54.5,57.4,52.75,57.35,15339,102.0,150.38,15339.0
2023-07-21,58.5,58.5,56.1,56.1,3328,50.0,66.56,3328.0
2023-07-24,55.05,57.0,53.3,53.45,6147,69.0,89.09,6147.0
2023-07-25,52.1,55.0,51.0,52.35,1852,53.0,34.94,1852.0
2023-07-26,52.35,54.95,52.35,54.95,1804,26.0,69.38,1804.0
2023-07-27,56.75,57.6,52.2,55.4,4059,45.0,90.2,4059.0
2023-07-28,53.5,55.0,52.7,54.95,5931,69.0,85.96,5931.0
2023-07-31,54.7,54.7,52.2,52.65,9116,97.0,93.98,9116.0
2023-08-01,52.65,53.0,50.5,52.1,3538,58.0,61.0,3538.0
2023-08-02,51.1,52.1,49.6,49.85,10344,84.0,123.14,10344.0
2023-08-03,50.0,52.0,49.9,52.0,5605,42.0,133.45,5605.0
2023-08-04,52.0,53.8,50.25,52.65,2274,46.0,49.43,2274.0
2023-08-07,50.15,52.65,50.15,50.6,4999,42.0,119.02,4999.0
2023-08-08,50.65,52.05,50.6,50.75,2485,44.0,56.48,2485.0
2023-08-09,50.75,51.95,50.75,51.35,2364,20.0,118.2,2364.0
2023-08-10,51.6,52.1,51.0,51.3,1916,37.0,51.78,1916.0
2023-08-11,49.45,51.7,49.4,49.65,2011,42.0,47.88,2011.0
2023-08-14,49.65,51.0,47.2,50.0,2991,39.0,76.69,2991.0
2023-08-16,50.5,52.0,49.5,49.8,3964,30.0,132.13,3964.0
2023-08-17,50.0,52.0,50.0,51.45,7116,34.0,209.29,7116.0
2023-08-18,50.45,51.45,50.05,50.95,1713,22.0,77.86,1713.0
2023-08-21,49.15,49.5,49.15,49.45,1589,20.0,79.45,1589.0
2023-08-22,49.35,50.95,48.05,50.05,3458,27.0,128.07,3458.0
2023-08-23,50.1,51.9,49.5,51.8,1082,29.0,37.31,1082.0
2023-08-24,51.8,52.5,50.45,51.9,5209,30.0,173.63,5209.0
2023-08-25,51.5,51.5,50.05,51.05,451,12.0,37.58,451.0
2023-08-28,51.0,51.8,50.1,50.1,5322,36.0,147.83,5322.0
2023-08-29,50.1,51.9,50.1,50.8,3334,21.0,158.76,3334.0
2023-08-30,53.1,53.1,50.6,50.95,3224,23.0,140.17,3224.0
2023-08-31,52.0,52.0,49.8,50.1,4609,34.0,135.56,4609.0
2023-09-01,50.15,51.0,49.85,50.05,2528,25.0,101.12,2528.0
2023-09-04,51.0,51.8,50.15,51.6,4886,55.0,88.84,4886.0
2023-09-05,52.0,53.8,51.5,52.05,7085,69.0,102.68,7085.0
2023-09-06,53.1,53.1,51.1,52.9,4380,25.0,175.2,4380.0
2023-09-07,51.85,53.0,51.85,52.95,3562,44.0,80.95,3562.0
2023-09-08,53.9,53.9,51.0,53.85,4089,56.0,73.02,4089.0
2023-09-11,54.7,54.7,51.25,53.85,1570,40.0,39.25,1570.0
2023-09-12,51.15,53.5,51.15,52.05,1243,30.0,41.43,1243.0
2023-09-13,53.4,53.4,49.65,50.4,762,10.0,76.2,762.0
2023-09-14,50.3,52.9,49.85,49.9,4375,66.0,66.29,4375.0
2023-09-15,50.0,52.35,50.0,52.3,3481,21.0,165.76,3481.0
2023-09-18,54.85,54.85,50.0,50.15,5593,54.0,103.57,5593.0
2023-09-20,48.9,52.6,48.9,52.3,1818,23.0,79.04,1818.0
2023-09-21,51.25,52.3,51.25,52.25,1564,18.0,86.89,1564.0
2023-09-22,52.3,52.3,51.0,51.4,3430,37.0,92.7,3430.0
2023-09-25,52.0,52.0,51.0,51.0,686,28.0,24.5,686.0
2023-09-26,50.0,52.0,49.6,50.5,4099,29.0,141.34,4099.0
2023-09-27,50.5,52.25,50.5,52.0,1577,21.0,75.1,1577.0
2023-09-28,53.95,53.95,50.0,51.9,1706,26.0,65.62,1706.0
2023-09-29,51.9,51.9,50.0,51.6,890,18.0,49.44,890.0
2023-10-03,50.0,51.6,50.0,51.0,1117,22.0,50.77,1117.0
2023-10-04,50.95,50.95,50.0,50.05,298,11.0,27.09,298.0
2023-10-05,50.05,51.5,50.0,50.0,1644,32.0,51.38,1644.0
2023-10-06,52.0,52.0,50.0,50.9,1997,23.0,86.83,1997.0
2023-10-09,50.9,50.9,49.0,49.0,1880,20.0,94.0,1880.0
2023-10-10,49.1,51.3,49.05,50.0,3054,32.0,95.44,3054.0
2023-10-11,51.0,51.0,50.0,50.0,593,16.0,37.06,593.0
2023-10-12,52.3,52.3,50.05,50.05,409,13.0,31.46,409.0
2023-10-13,50.05,50.5,50.05,50.05,450,9.0,50.0,450.0
2023-10-16,49.1,52.5,49.1,51.75,1899,22.0,86.32,1899.0
2023-10-17,54.3,54.3,50.45,52.2,1250,18.0,69.44,1250.0
2023-10-18,52.15,53.7,50.5,52.5,4092,34.0,120.35,4092.0
2023-10-19,52.5,53.0,50.5,51.0,993,30.0,33.1,993.0
2023-10-20,52.0,52.95,50.65,50.65,3645,26.0,140.19,3645.0
2023-10-23,53.0,53.0,48.15,50.9,1590,26.0,61.15,1158.0
2023-10-25,51.8,51.8,48.4,49.95,3163,94.0,33.65,2536.0
2023-10-26,47.6,51.2,47.5,49.7,1651,57.0,28.96,1086.0
2023-10-27,49.2,52.15,47.4,51.8,7660,94.0,81.49,5491.0
2023-10-30,51.8,51.95,49.25,49.25,3858,76.0,50.76,2406.0
2023-10-31,49.3,50.0,47.0,48.1,5412,167.0,32.41,3173.0
2023-11-01,48.7,48.75,48.15,48.75,1502,24.0,62.58,1333.0
2023-11-02,48.9,50.0,48.0,48.7,1790,60.0,29.83,952.0
2023-11-03,48.7,48.9,47.15,48.55,392,29.0,13.52,247.0
2023-11-06,49.45,49.5,47.0,47.5,2380,67.0,35.52,1268.0
2023-11-07,49.15,49.15,47.05,47.5,2566,52.0,49.35,2181.0
2023-11-08,49.7,49.85,47.6,47.85,6024,84.0,71.71,3902.0
2023-11-09,49.55,49.55,46.45,48.0,2928,104.0,28.15,1156.0
2023-11-10,48.95,49.5,47.25,49.25,1277,71.0,17.99,859.0
2023-11-12,51.4,51.4,49.35,49.95,1298,14.0,92.71,1298.0
2023-11-13,51.0,51.0,48.0,49.7,3069,62.0,49.5,1589.0
2023-11-15,49.75,49.75,48.15,48.95,2293,68.0,33.72,1796.0
2023-11-16,49.65,49.65,48.0,48.85,2664,114.0,23.37,401.0
2023-11-17,49.15,49.15,48.0,48.1,1629,45.0,36.2,1367.0
2023-11-20,50.0,50.0,48.2,48.7,2089,90.0,23.21,1520.0
2023-11-21,49.05,49.8,46.95,47.95,6264,330.0,18.98,2253.0
2023-11-22,48.2,49.4,47.9,48.1,9779,823.0,11.88,1420.0
2023-11-23,48.05,49.45,45.7,46.1,29910,1597.0,18.73,8443.0
2023-11-24,47.95,48.4,46.25,48.4,5520,86.0,64.19,4390.0
2023-11-28,48.5,50.8,48.5,50.25,10511,110.0,95.55,8833.0
2023-11-29,52.7,52.7,49.1,50.5,10655,319.0,33.4,4507.0
2023-11-30,52.75,52.75,50.25,51.25,22588,1571.0,14.38,4917.0
2023-12-01,51.5,52.25,50.5,51.8,13710,698.0,19.64,4072.0
2023-12-04,50.8,51.8,50.8,51.15,3483,58.0,60.05,2584.0
2023-12-05,50.65,51.8,50.6,50.75,2211,43.0,51.42,1815.0
2023-12-06,50.75,50.75,49.45,49.95,4977,58.0,85.81,4325.0
2023-12-07,51.45,51.45,47.5,49.3,4012,70.0,57.31,2903.0
2023-12-08,49.3,49.9,48.5,49.15,2756,60.0,45.93,1745.0
2023-12-11,50.9,50.9,49.5,49.8,1349,32.0,42.16,537.0
2023-12-12,50.9,50.95,48.0,48.9,6907,120.0,57.56,4696.0
2023-12-13,50.45,50.45,49.3,49.55,1467,32.0,45.84,1181.0
2023-12-14,48.1,50.3,48.1,50.0,3101,75.0,41.35,2222.0
2023-12-15,50.2,55.0,50.15,55.0,54915,354.0,155.13,34105.0
2023-12-18,56.95,60.5,56.85,60.5,57354,482.0,118.99,42855.0
2023-12-19,66.0,66.55,63.6,66.55,60964,416.0,146.55,35372.0
2023-12-20,69.25,69.85,63.25,63.25,92001,622.0,147.91,53643.0
2023-12-21,60.7,66.2,60.1,64.75,31015,396.0,78.32,21629.0
2023-12-22,64.75,66.85,61.6,62.4,31738,477.0,66.54,16578.0
2023-12-26,60.1,63.2,60.05,61.2,15094,274.0,55.09,6471.0
2023-12-27,61.2,62.95,60.0,60.15,6618,125.0,52.94,4279.0
2023-12-28,60.15,60.15,57.15,57.2,20651,184.0,112.23,14668.0
2023-12-29,54.35,57.1,54.35,56.35,10136,158.0,64.15,5561.0
2024-01-01,53.55,58.75,53.55,58.5,10306,152.0,67.8,4617.0
2024-01-02,61.3,61.3,58.55,58.85,7339,107.0,68.59,4048.0
2024-01-03,58.85,58.95,56.65,57.6,9621,126.0,76.36,5517.0
2024-01-04,57.6,60.45,57.6,60.45,23415,80.0,292.69,21301.0
2024-01-05,63.45,63.45,63.45,63.45,8398,47.0,178.68,8398.0
2024-01-08,66.6,66.6,66.6,66.6,54237,116.0,467.56,41736.0
2024-01-09,69.9,69.9,69.9,69.9,61239,181.0,338.34,60799.0
2024-01-10,73.35,73.35,70.05,73.3,90343,647.0,139.63,71266.0
2024-01-11,76.65,76.95,74.05,76.95,23468,175.0,134.1,19931.0
2024-01-12,80.75,80.75,80.75,80.75,11275,111.0,101.58,11269.0
2024-01-15,84.75,84.75,77.05,84.4,35480,412.0,86.12,27235.0
2024-01-16,88.6,88.6,80.2,80.2,36779,466.0,78.92,25102.0
2024-01-17,76.5,78.55,76.2,76.55,32680,324.0,100.86,20160.0
2024-01-18,73.1,77.2,72.75,72.75,14748,105.0,140.46,14748.0
2024-01-19,73.0,75.95,70.0,73.8,9729,98.0,99.28,9729.0
2024-01-20,73.3,77.45,73.3,74.95,3463,54.0,64.13,3463.0
2024-01-23,78.65,78.65,71.2,73.05,8147,79.0,103.13,8147.0
2024-01-24,71.5,75.85,71.5,75.3,8310,49.0,169.59,8310.0
2024-01-25,75.3,77.0,73.95,75.4,18537,49.0,378.31,18537.0
2024-01-29,75.5,79.15,75.5,79.15,8563,75.0,114.17,8563.0
2024-01-30,83.1,83.1,77.05,80.0,6925,72.0,96.18,6925.0
2024-01-31,80.0,80.0,76.0,76.5,5099,63.0,80.94,5099.0
2024-02-01,76.5,78.6,72.7,75.0,4886,50.0,97.72,4886.0
2024-02-02,75.0,75.0,71.25,72.9,5912,50.0,118.24,5912.0
2024-02-05,72.95,76.5,72.95,76.5,9237,81.0,114.04,9237.0
2024-02-06,76.0,78.0,72.95,75.5,5622,54.0,104.11,5622.0
2024-02-07,79.0,79.0,73.0,73.3,7104,63.0,112.76,7104.0
2024-02-08,75.0,75.0,72.5,72.65,3079,22.0,139.95,3079.0
2024-02-09,72.65,75.75,72.0,73.75,1460,39.0,37.44,1460.0
2024-02-12,76.0,76.0,71.05,72.5,2739,20.0,136.95,2739.0
2024-02-13,72.5,75.45,69.0,75.0,2722,45.0,60.49,2722.0
2024-02-14,73.0,75.0,71.25,73.35,3950,36.0,109.72,3950.0
2024-02-15,75.0,75.0,71.0,72.85,4207,39.0,107.87,4207.0
2024-02-16,72.0,74.95,72.0,72.6,1447,22.0,65.77,1447.0
2024-02-19,72.65,74.95,71.6,71.6,2850,38.0,75.0,2850.0
2024-02-20,71.6,74.8,71.6,74.45,2600,32.0,81.25,2600.0
2024-02-21,74.4,74.4,71.6,73.45,1445,30.0,48.17,1445.0
2024-02-22,74.0,75.0,69.8,70.25,1678,28.0,59.93,1678.0
2024-02-23,70.25,72.75,70.25,70.75,983,25.0,39.32,983.0
2024-02-26,68.0,73.5,68.0,72.95,1998,40.0,49.95,1998.0
2024-02-27,73.0,75.6,73.0,73.25,4313,54.0,79.87,4313.0
2024-02-28,75.75,75.75,69.6,72.9,4310,46.0,93.7,4310.0
2024-02-29,72.9,74.95,72.9,73.15,2215,21.0,105.48,2215.0
2024-03-01,73.0,73.0,69.5,69.6,3157,25.0,126.28,3157.0
2024-03-02,68.25,72.0,66.2,71.45,1408,14.0,100.57,1408.0
2024-03-04,71.45,72.95,71.45,72.95,779,28.0,27.82,779.0
2024-03-05,72.0,73.0,69.3,69.3,4628,53.0,87.32,4628.0
2024-03-06,69.3,69.3,65.9,66.0,1589,33.0,48.15,1589.0
2024-03-07,64.7,65.5,63.0,63.6,1437,34.0,42.26,1437.0
2024-03-11,65.0,66.75,65.0,66.75,1695,25.0,67.8,1695.0
2024-03-12,70.0,70.05,67.0,67.3,7889,79.0,99.86,7889.0
2024-03-13,69.0,69.0,63.95,63.95,2140,41.0,52.2,2140.0
2024-03-14,66.0,66.0,60.75,62.95,7581,66.0,114.86,7581.0
2024-03-15,60.0,66.05,60.0,63.7,432,11.0,39.27,432.0
2024-03-18,66.0,66.0,62.25,65.4,1325,24.0,55.21,1325.0
2024-03-19,68.5,68.5,62.15,62.5,1677,34.0,49.32,1677.0
2024-03-20,62.5,62.5,59.4,59.4,4035,54.0,74.72,4035.0
2024-03-21,59.5,62.3,56.45,57.1,4712,74.0,63.68,4712.0
2024-03-22,57.1,58.0,54.5,57.15,2917,51.0,57.2,2917.0
2024-03-26,59.4,59.4,54.4,55.15,2441,26.0,93.88,2441.0
2024-03-27,55.15,57.0,52.4,52.4,8834,64.0,138.03,8834.0
2024-03-28,52.4,55.0,49.8,49.8,7642,79.0,96.73,7642.0
2024-04-01,48.2,52.25,48.2,52.25,894,19.0,47.05,894.0
2024-04-02,54.8,54.85,54.8,54.85,2031,20.0,101.55,2031.0
2024-04-03,57.55,57.55,57.0,57.55,1166,19.0,61.37,1166.0
2024-04-04,60.4,60.4,60.4,60.4,610,14.0,43.57,610.0
2024-04-05,63.4,63.4,60.0,63.3,6280,86.0,73.02,6280.0
2024-04-08,63.3,63.3,63.0,63.0,101,5.0,20.2,101.0
2024-04-09,63.05,63.05,61.75,61.75,77,5.0,15.4,77.0
2024-04-10,60.6,61.0,60.6,61.0,1050,10.0,105.0,1050.0
2024-04-12,62.0,62.2,62.0,62.2,1915,22.0,87.05,1915.0
2024-04-15,62.2,63.4,62.2,63.4,1973,30.0,65.77,1973.0
2024-04-16,62.75,64.25,62.75,64.15,12437,27.0,460.63,12437.0
2024-04-18,65.0,65.3,64.25,64.25,3843,31.0,123.97,3843.0
2024-04-19,64.3,65.5,64.3,65.35,5265,32.0,164.53,5265.0
2024-04-22,65.25,65.35,65.25,65.35,523,7.0,74.71,523.0
2024-04-23,66.5,66.5,65.0,65.0,6749,45.0,149.98,6749.0
2024-04-24,65.05,65.7,65.05,65.7,2861,33.0,86.7,2861.0
2024-04-25,65.5,65.7,65.5,65.7,1234,18.0,68.56,1234.0
2024-04-26,65.4,67.0,65.0,65.0,3203,35.0,91.51,3203.0
2024-04-29,65.05,65.05,65.0,65.05,2301,24.0,95.88,2301.0
2024-04-30,65.0,65.0,64.75,64.9,1617,18.0,89.83,1617.0
2024-05-02,64.9,65.0,64.9,65.0,506,13.0,38.92,506.0
2024-05-03,65.0,65.0,64.9,64.95,1500,13.0,115.38,1500.0
2024-05-06,65.0,65.0,64.0,64.0,1543,23.0,67.09,1543.0
2024-05-07,62.75,62.75,62.75,62.75,87,3.0,29.0,87.0
2024-05-08,61.5,61.5,61.5,61.5,872,7.0,124.57,872.0
2024-05-09,61.0,61.0,61.0,61.0,102,2.0,51.0,102.0
2024-05-10,61.0,61.0,61.0,61.0,1175,10.0,117.5,1175.0
2024-05-13,61.0,61.1,60.0,61.0,1872,20.0,93.6,1872.0
2024-05-14,59.0,61.15,57.95,58.1,15745,76.0,207.17,15745.0
2024-05-15,57.95,57.95,55.2,55.7,21040,79.0,266.33,21040.0
2024-05-16,55.7,58.45,52.95,52.95,12452,119.0,104.64,12452.0
2024-05-17,54.95,54.95,50.3,53.3,9975,106.0,94.1,9975.0
2024-05-18,54.0,54.0,52.5,52.75,704,10.0,70.4,704.0
2024-05-21,50.4,53.9,50.4,52.95,1065,34.0,31.32,1065.0
2024-05-22,53.0,53.0,50.4,52.2,3689,44.0,83.84,3689.0
2024-05-23,52.2,54.75,52.0,54.75,4912,59.0,83.25,4912.0
2024-05-24,54.6,54.75,52.4,54.3,2538,37.0,68.59,2538.0
2024-05-27,54.75,55.0,52.55,53.7,3762,110.0,34.2,2644.0
2024-05-28,53.7,55.95,53.0,54.4,2419,88.0,27.49,2080.0
2024-05-29,54.4,56.05,52.0,54.55,2177,77.0,28.27,532.0
2024-05-30,53.1,54.8,51.85,53.95,9776,106.0,92.23,6671.0
2024-05-31,52.75,53.9,52.1,52.4,3897,44.0,88.57,3065.0
2024-06-03,52.95,55.0,52.6,53.8,9528,116.0,82.14,7461.0
2024-06-04,52.4,54.9,52.0,53.8,1053,51.0,20.65,577.0
2024-06-05,53.85,56.0,53.45,54.95,969,35.0,27.69,883.0
2024-06-06,55.0,57.65,55.0,57.65,3977,42.0,94.69,3824.0
2024-06-07,63.2,63.4,58.9,60.55,6226,99.0,62.89,5018.0
2024-06-10,62.58,66.59,61.21,63.38,12358,426.0,29.01,8115.0
2024-06-11,68.0,69.71,63.56,69.67,55538,583.0,95.26,32863.0
2024-06-12,65.36,69.0,65.36,67.44,17943,414.0,43.34,8119.0
2024-06-13,69.7,69.7,64.0,65.62,8670,220.0,39.41,6213.0
2024-06-14,65.62,68.58,63.81,65.25,12805,823.0,15.56,3502.0
2024-06-18,66.7,66.7,61.06,62.8,13893,362.0,38.38,9043.0
2024-06-19,62.8,68.0,62.8,65.42,21222,559.0,37.96,11426.0
2024-06-20,66.73,69.35,66.0,66.52,7004,354.0,19.79,2702.0
2024-06-21,65.19,69.33,65.0,67.24,11809,424.0,27.85,4875.0
2024-06-24,67.0,68.49,64.02,66.22,28684,1144.0,25.07,7877.0
2024-06-25,66.23,68.5,62.03,63.82,13008,444.0,29.3,7168.0
2024-06-26,64.17,65.68,62.02,62.77,8294,209.0,39.68,4386.0
2024-06-27,62.38,63.61,61.0,61.1,9020,329.0,27.42,2973.0
2024-06-28,62.49,65.98,60.4,63.7,35698,1683.0,21.21,3829.0
2024-07-01,69.8,69.8,63.2,64.0,37118,913.0,40.65,9426.0
2024-07-02,66.5,66.5,58.21,61.86,35814,892.0,40.15,16407.0
2024-07-03,60.99,63.79,60.99,62.13,22748,866.0,26.27,4507.0
2024-07-04,63.62,66.97,62.74,64.58,21146,759.0,27.86,9353.0
2024-07-05,63.29,66.8,63.29,65.09,43368,1939.0,22.37,9093.0
2024-07-08,63.02,67.64,63.0,65.19,26027,1236.0,21.06,11746.0
2024-07-09,63.05,71.7,63.05,67.47,100929,1752.0,57.61,31192.0
2024-07-10,69.4,69.57,65.69,68.41,11512,324.0,35.53,4977.0
2024-07-11,68.0,69.94,67.0,69.55,22673,1411.0,16.07,4436.0
2024-07-12,69.4,70.0,66.54,69.12,26465,1077.0,24.57,4006.0
2024-07-15,68.0,70.53,66.25,66.81,31520,1894.0,16.64,2866.0
2024-07-16,67.95,70.0,66.68,67.51,9429,417.0,22.61,2888.0
2024-07-18,66.16,68.01,63.37,64.67,26202,1422.0,18.43,6467.0
2024-07-19,66.0,71.13,66.0,71.13,101894,932.0,109.33,37097.0
2024-07-22,73.99,73.99,67.0,67.79,61932,1106.0,56.0,26078.0
2024-07-23,67.79,68.42,64.08,65.11,39969,1473.0,27.13,13392.0
2024-07-24,66.89,70.99,65.08,68.61,40677,899.0,45.25,7930.0
2024-07-25,66.3,70.79,66.3,68.71,30250,1708.0,17.71,3475.0
2024-07-26,69.97,71.6,68.0,68.82,29797,1637.0,18.2,2414.0
2024-07-29,69.1,71.02,66.06,67.17,17885,942.0,18.99,5679.0
2024-07-30,66.7,68.52,66.7,67.08,7907,391.0,20.22,2585.0
2024-07-31,66.88,67.98,65.04,66.05,13322,292.0,45.62,10692.0
2024-08-01,66.28,66.28,64.22,65.08,15907,126.0,126.25,13949.0
2024-08-02,63.4,66.76,63.4,65.16,17683,846.0,20.9,11367.0
2024-08-05,65.67,65.67,61.11,63.34,27073,273.0,99.17,24706.0
2024-08-06,65.0,65.25,62.51,63.98,28921,247.0,117.09,23915.0
2024-08-07,66.25,76.77,63.5,76.77,89313,704.0,126.87,45813.0
2024-08-08,85.98,92.12,81.0,92.12,296940,2172.0,136.71,95212.0
2024-08-09,92.0,97.7,82.9,82.9,267167,1249.0,213.9,108993.0
2024-08-12,81.0,81.0,74.61,74.61,29528,395.0,74.75,21648.0
2024-08-13,67.3,70.7,67.14,67.27,74787,868.0,86.16,36474.0
2024-08-14,68.89,70.62,67.0,68.27,5591,89.0,62.82,5591.0
2024-08-16,66.7,70.0,66.7,67.94,1359,69.0,19.7,1359.0
2024-08-19,67.0,69.99,64.75,69.79,6690,98.0,68.27,6690.0
2024-08-20,70.1,70.1,66.71,67.15,2547,50.0,50.94,2547.0
2024-08-21,67.36,68.0,66.0,66.6,2370,39.0,60.77,2370.0
2024-08-22,68.1,69.93,67.0,67.37,4001,62.0,64.53,4001.0
2024-08-23,67.0,69.99,66.0,66.32,3944,65.0,60.68,3944.0
2024-08-26,66.0,69.0,66.0,67.73,1902,37.0,51.41,1902.0
2024-08-27,67.0,68.06,66.01,67.85,1681,40.0,42.02,1681.0
2024-08-28,66.8,69.49,65.02,68.91,2017,32.0,63.03,2017.0
2024-08-29,68.9,68.9,67.0,67.37,713,28.0,25.46,713.0
2024-08-30,68.9,69.0,66.5,68.7,3986,53.0,75.21,3986.0
2024-09-02,68.0,69.0,65.31,66.1,1523,31.0,49.13,1523.0
2024-09-03,68.99,69.4,67.1,67.77,3264,50.0,65.28,3264.0
2024-09-04,66.41,68.77,64.61,68.45,9181,43.0,213.51,9181.0
2024-09-05,66.74,68.0,65.5,66.26,4388,54.0,81.26,4388.0
2024-09-06,66.26,66.26,65.01,65.51,2402,49.0,49.02,2402.0
2024-09-09,64.2,65.99,62.23,64.7,9767,115,84.93,9767
2024-09-10,63.54,65.85,62.7,64.99,1715,20,85.75,1715
2024-09-11,64.99,64.99,62.7,64.92,2217,41,54.07,2217
2024-09-12,64.9,64.9,61.67,64.0,7501,79,94.95,7501
2024-09-13,65.1,65.1,62.0,64.57,4019,47,85.51,4019
2024-09-16,66.19,66.19,64.0,64.0,2157,33,65.36,2157
2024-09-17,66.2,66.2,64.0,64.1,1079,22,49.05,1079
2024-09-18,64.0,64.1,64.0,64.0,1052,13,80.92,1052
2024-09-19,64.0,64.5,61.0,61.6,4113,41,100.32,4113
2024-09-20,61.6,64.68,60.12,64.24,6323,57,110.93,6323
2024-09-23,62.64,65.3,62.64,62.8,907,16,56.69,907
2024-09-24,63.0,65.0,62.56,62.56,3849,43,89.51,3849
2024-09-25,62.56,64.91,61.01,64.73,4446,33,134.73,4446
2024-09-26,64.8,64.8,61.5,64.33,2519,47,53.6,2519
2024-09-27,64.0,64.1,62.1,63.98,2423,34,71.26,2423
2024-09-30,63.79,63.8,61.04,63.48,1712,18,95.11,1712
2024-10-01,62.01,63.9,62.0,63.84,335,11,30.45,335
2024-10-03,62.1,63.83,60.64,63.09,5255,56,93.84,5255
2024-10-04,63.0,63.09,61.5,61.5,775,10,77.5,775
2024-10-07,61.8,61.8,58.42,59.05,2192,39,56.21,2192
2024-10-08,58.25,59.7,56.6,58.73,2227,32,69.59,2227
2024-10-09,58.73,61.29,58.73,59.01,236,20,11.8,236
2024-10-10,61.8,61.8,60.0,60.0,678,14,48.43,678
2024-10-11,61.0,61.0,60.05,60.05,333,8,41.62,333
2024-10-14,57.04,62.66,57.04,61.0,1131,29,39.0,1131
2024-10-15,61.39,61.4,60.0,60.95,245,11,22.27,245
2024-10-16,60.95,61.29,58.02,61.26,1758,35,50.23,1758
2024-10-17,61.5,61.5,58.2,59.66,922,14,65.86,922
2024-10-18,58.8,62.64,58.8,60.56,2441,33,73.97,2441
2024-10-21,58.01,60.89,58.01,60.57,966,17,56.82,966
2024-10-22,60.57,61.95,57.6,61.95,1813,24,75.54,1813
2024-10-23,61.59,61.59,58.95,60.3,570,11,51.82,570
2024-10-24,60.3,61.84,58.0,60.75,333,20,16.65,333
2024-10-25,57.81,57.92,57.71,57.71,1461,19,76.89,1461
2024-10-28,57.71,57.71,56.0,57.49,1241,32,38.78,1241
2024-10-29,57.05,57.99,56.0,57.99,1920,17,112.94,1920
2024-10-30,55.31,60.6,55.31,59.0,3213,47,68.36,3213
2024-10-31,59.0,61.95,56.05,61.0,1746,26,67.15,1746
2024-11-01,61.0,61.0,60.95,60.96,813,9,90.33,813
2024-11-04,58.01,59.98,57.91,58.11,4309,40,107.72,4309
2024-11-05,58.11,58.11,56.0,56.01,3684,29,127.03,3684
2024-11-06,56.01,58.81,56.01,58.81,4361,46,94.8,4361
2024-11-07,61.0,61.0,58.01,58.87,623,19,32.79,623
2024-11-08,58.45,58.45,57.55,58.05,1703,20,85.15,1703
2024-11-11,58.05,60.0,58.05,59.98,496,21,23.62,496
