Date,Open,High,Low,Close,Volume,TOTAL_TRADES,QTY_PER_TRADE,DLV_QTY
1996-09-13,150.0,150.0,150.0,150.0,100,,,
1996-09-18,148.0,150.0,148.0,150.0,200,,,
1996-09-19,152.0,160.0,152.0,160.0,300,,,
1996-09-20,155.25,162.0,155.1,162.0,700,,,
1996-09-23,160.0,165.0,160.0,164.0,1100,,,
1996-09-24,161.0,165.0,160.1,160.2,1600,,,
1996-09-25,160.0,163.5,160.0,163.5,200,,,
1996-09-26,156.0,160.0,155.1,160.0,400,,,
1996-09-27,149.0,157.0,149.0,157.0,1200,,,
1996-09-30,153.0,154.9,150.05,151.05,500,,,
1996-10-01,145.5,149.9,145.0,149.8,1600,,,
1996-10-03,145.0,145.0,145.0,145.0,200,,,
1996-10-04,145.0,150.0,145.0,148.5,500,,,
1996-10-09,139.5,142.0,139.5,142.0,700,,,
1996-10-10,140.0,148.0,140.0,148.0,800,,,
1996-10-11,136.0,136.0,136.0,136.0,100,,,
1996-10-14,138.0,149.0,138.0,146.35,500,,,
1996-10-15,137.0,140.0,137.0,140.0,200,,,
1996-10-17,145.0,150.0,144.0,150.0,700,,,
1996-10-18,141.2,143.0,140.0,142.0,400,,,
1996-10-22,143.5,145.0,137.05,143.0,2100,,,
1996-10-24,137.0,137.0,137.0,137.0,100,,,
1996-10-25,140.0,147.0,140.0,147.0,300,,,
1996-10-29,140.0,140.0,140.0,140.0,100,,,
1996-10-31,135.05,140.0,135.05,137.75,1300,,,
1996-11-01,139.0,139.9,134.5,135.75,500,,,
1996-11-04,135.05,135.05,135.05,135.05,100,,,
1996-11-05,134.9,135.0,134.9,135.0,700,,,
1996-11-06,139.0,139.0,139.0,139.0,100,,,
1996-11-07,137.2,138.0,137.2,138.0,400,,,
1996-11-11,125.0,125.0,125.0,125.0,100,,,
1996-11-13,134.0,136.5,134.0,136.5,400,,,
1996-11-14,125.0,136.0,125.0,136.0,200,,,
1996-11-15,131.5,136.0,131.5,136.0,700,,,
1996-11-18,137.5,137.5,137.5,137.5,300,,,
1996-11-19,136.0,139.5,136.0,139.5,1900,,,
1996-11-20,139.5,142.0,139.5,142.0,300,,,
1996-11-21,135.0,135.0,135.0,135.0,100,,,
1996-11-22,135.0,135.0,135.0,135.0,300,,,
1996-11-26,123.0,136.0,123.0,135.25,400,,,
1996-11-27,131.0,135.0,131.0,135.0,300,,,
1996-11-28,126.5,126.5,126.5,126.5,200,,,
1996-11-29,128.0,128.0,128.0,128.0,100,,,
1996-12-02,127.5,130.0,127.5,130.0,300,,,
1996-12-03,125.0,130.0,125.0,130.0,400,,,
1996-12-04,117.5,129.0,117.5,126.25,700,,,
1996-12-05,124.0,127.95,124.0,127.0,700,,,
1996-12-06,127.75,130.0,127.75,130.0,600,,,
1996-12-10,128.75,129.3,128.0,129.3,500,,,
1996-12-11,130.0,130.0,130.0,130.0,100,,,
1996-12-12,130.05,130.05,130.0,130.0,200,,,
1996-12-17,127.0,127.75,127.0,127.75,200,,,
1996-12-18,127.0,135.0,127.0,135.0,300,,,
1996-12-23,127.0,127.0,125.0,125.0,200,,,
1996-12-31,123.0,128.75,121.0,128.75,600,,,
1997-01-01,133.95,141.5,133.75,141.5,400,,,
1997-01-02,143.5,143.5,135.0,135.0,300,,,
1997-01-03,134.9,134.9,134.9,134.9,100,,,
1997-01-07,134.95,134.95,126.55,126.55,300,,,
1997-01-08,134.0,134.0,132.0,132.0,200,,,
1997-01-09,131.95,135.0,131.95,135.0,400,,,
1997-01-10,135.0,143.0,135.0,140.0,600,,,
1997-01-13,131.75,136.0,131.75,136.0,500,,,
1997-01-14,139.0,139.0,135.0,135.0,700,,,
1997-01-15,140.0,147.5,140.0,145.75,500,,,
1997-01-16,142.0,143.0,142.0,143.0,300,,,
1997-01-17,135.0,135.0,132.0,132.0,300,,,
1997-01-20,139.0,145.0,138.95,145.0,1300,,,
1997-01-21,132.0,133.0,130.5,131.75,300,,,
1997-01-27,131.0,139.0,131.0,139.0,300,,,
1997-01-28,130.25,138.0,130.25,138.0,200,,,
1997-01-29,141.0,141.5,131.25,138.5,800,,,
1997-01-31,132.0,133.0,132.0,133.0,300,,,
1997-02-03,125.55,125.55,125.55,125.55,100,,,
1997-02-05,130.0,131.0,130.0,131.0,200,,,
1997-02-06,131.0,131.0,125.05,125.05,200,,,
1997-02-12,134.0,135.0,125.0,132.0,500,,,
1997-02-13,119.75,134.95,119.75,133.7,600,,,
1997-02-14,129.95,140.0,129.95,140.0,500,,,
1997-02-17,140.0,140.0,136.0,136.0,300,,,
1997-02-18,136.0,136.0,134.7,134.75,300,,,
1997-02-19,134.9,140.0,134.9,140.0,400,,,
1997-02-20,134.95,138.0,134.95,138.0,600,,,
1997-02-24,125.1,137.25,125.0,130.0,900,,,
1997-02-25,130.0,139.0,130.0,139.0,900,,,
1997-02-26,132.0,132.0,132.0,132.0,200,,,
1997-02-27,134.4,137.0,132.0,132.0,800,,,
1997-02-28,126.1,126.1,126.1,126.1,100,,,
1997-03-01,131.0,131.0,131.0,131.0,100,,,
1997-03-03,138.9,139.0,138.5,138.5,400,,,
1997-03-04,130.0,140.0,130.0,136.0,1000,,,
1997-03-06,142.25,142.25,142.25,142.25,100,,,
1997-03-13,129.0,129.0,129.0,129.0,200,,,
1997-03-14,135.0,137.5,135.0,137.5,200,,,
1997-03-18,130.0,133.0,130.0,132.3,800,,,
1997-03-19,135.0,138.0,135.0,138.0,300,,,
1997-03-20,128.05,137.0,128.05,136.15,500,,,
1997-03-21,137.0,141.0,135.0,135.0,700,,,
1997-03-25,131.0,135.0,131.0,135.0,200,,,
1997-03-26,143.95,144.5,143.5,144.4,600,,,
1997-03-27,140.0,143.0,139.0,139.0,500,,,
1997-03-31,134.0,134.0,134.0,134.0,100,,,
1997-04-01,135.0,136.0,127.05,136.0,300,,,
1997-04-03,131.55,131.55,131.55,131.55,100,,,
1997-04-04,131.5,131.5,131.5,131.5,200,,,
1997-04-07,121.05,121.5,121.05,121.5,200,,,
1997-04-09,132.0,132.75,128.0,132.0,500,,,
1997-04-10,122.55,139.95,122.55,135.0,800,,,
1997-04-11,135.0,138.75,135.0,137.0,500,,,
1997-04-12,131.0,131.0,130.0,130.0,200,,,
1997-04-15,131.0,131.0,127.4,127.4,500,,,
1997-04-17,130.0,138.95,130.0,130.05,700,,,
1997-04-21,131.0,131.0,130.05,130.05,300,,,
1997-04-22,125.05,132.0,123.0,123.0,800,,,
1997-04-23,115.25,123.0,115.25,123.0,1100,,,
1997-04-24,121.0,122.75,120.0,120.0,700,,,
1997-04-25,122.0,122.0,115.2,120.0,800,,,
1997-04-28,121.0,121.0,120.0,120.65,500,,,
1997-04-29,121.25,121.75,115.0,115.4,1100,,,
1997-04-30,125.0,125.25,114.0,118.35,2300,,,
1997-05-02,118.5,124.0,117.5,117.5,5300,,,
1997-05-05,120.0,124.5,117.0,117.25,3700,,,
1997-05-06,121.0,127.0,120.5,126.5,3400,,,
1997-05-07,125.95,129.0,125.95,129.0,4700,,,
1997-05-08,129.9,129.9,129.9,129.9,2600,,,
1997-05-09,120.05,131.25,120.05,131.25,4500,,,
1997-05-12,134.45,134.45,134.4,134.4,6600,,,
1997-05-13,135.5,136.0,135.5,136.0,4800,,,
1997-05-14,136.25,136.35,123.0,123.0,4300,,,
1997-05-15,114.05,135.1,114.05,135.1,4700,,,
1997-05-16,136.1,136.5,124.2,135.55,4800,,,
1997-05-19,137.15,137.15,137.15,137.15,2200,,,
1997-05-20,137.25,137.4,137.25,137.4,4400,,,
1997-05-21,137.6,137.6,137.5,137.5,4300,,,
1997-05-22,137.0,137.6,125.0,137.6,4500,,,
1997-05-23,137.75,138.0,137.75,138.0,4000,,,
1997-05-26,138.2,138.25,138.2,138.25,4400,,,
1997-05-27,138.35,138.35,138.35,138.35,2100,,,
1997-05-28,138.5,138.5,125.0,128.0,2400,,,
1997-05-29,118.0,124.65,118.0,123.05,500,,,
1997-05-30,115.0,132.95,115.0,130.3,1100,,,
1997-06-02,124.0,139.5,124.0,135.9,3800,,,
1997-06-03,141.5,144.0,130.0,140.65,3500,,,
1997-06-04,129.0,147.0,129.0,146.15,3300,,,
1997-06-05,154.65,154.65,132.0,152.0,5500,,,
1997-06-06,150.0,150.0,138.4,146.6,3700,,,
1997-06-09,147.0,151.15,143.0,148.3,4500,,,
1997-06-10,150.0,151.0,145.5,149.4,3200,,,
1997-06-11,148.0,149.1,147.0,148.65,3200,,,
1997-06-12,148.5,149.95,142.0,149.45,3400,,,
1997-06-13,150.0,150.1,146.0,150.1,2900,,,
1997-06-16,150.0,150.4,141.0,150.15,3500,,,
1997-06-17,150.0,150.05,148.0,150.05,1800,,,
1997-06-18,149.9,150.0,144.0,150.0,3400,,,
1997-06-19,143.0,149.95,136.25,146.2,5100,,,
1997-06-20,149.15,149.75,149.15,149.75,3100,,,
1997-06-23,150.0,150.0,135.0,145.15,4300,,,
1997-06-24,149.9,149.9,132.25,137.0,3400,,,
1997-06-25,148.75,148.75,123.4,142.95,17600,,,
1997-06-26,142.8,148.7,128.8,139.8,20200,,,
1997-06-27,144.25,144.25,132.5,136.75,4700,,,
1997-06-30,137.95,142.0,128.1,139.4,17200,,,
1997-07-01,139.9,143.9,132.5,143.5,12100,,,
1997-07-02,131.5,140.0,131.5,139.45,11900,,,
1997-07-03,144.0,144.0,136.0,141.7,7400,,,
1997-07-04,144.55,144.55,135.0,141.15,6400,,,
1997-07-07,144.85,144.85,135.05,142.0,8200,,,
1997-07-08,142.55,143.0,136.0,142.9,6300,,,
1997-07-09,139.5,145.05,135.1,141.45,7500,,,
1997-07-10,144.65,144.65,136.55,140.9,6700,,,
1997-07-11,144.35,144.35,135.25,141.55,7100,,,
1997-07-14,143.0,143.0,130.0,138.5,7500,,,
1997-07-15,125.05,137.95,125.05,127.45,4100,,,
1997-07-16,134.0,139.65,131.2,131.2,3500,,,
1997-07-17,138.85,138.85,138.85,138.85,3100,,,
1997-07-21,140.15,140.15,125.0,136.2,11700,,,
1997-07-22,139.35,139.35,122.7,122.7,8400,,,
1997-07-23,134.9,135.0,129.0,135.0,7500,,,
1997-07-24,139.35,139.35,130.25,138.3,9800,,,
1997-07-25,139.0,139.0,139.0,139.0,3500,,,
1997-07-28,139.35,139.35,139.35,139.35,3500,,,
1997-07-29,140.0,140.0,126.0,136.5,11100,,,
1997-07-30,138.5,138.5,138.5,138.5,3800,,,
1997-07-31,139.65,139.65,132.0,137.35,8200,,,
1997-08-01,139.5,139.5,139.5,139.5,4500,,,
1997-08-04,126.0,139.0,126.0,127.9,4600,,,
1997-08-05,127.0,139.8,121.0,122.0,7100,,,
1997-08-06,134.0,134.1,123.0,133.65,6600,,,
1997-08-07,139.85,139.85,122.05,136.75,9500,,,
1997-08-08,139.85,139.85,130.0,137.15,7700,,,
1997-08-11,139.75,139.75,124.0,137.3,7300,,,
1997-08-12,140.15,140.15,124.0,137.55,13900,,,
1997-08-13,139.75,139.75,126.0,137.55,8100,,,
1997-08-14,139.7,139.7,125.0,137.2,7700,,,
1997-08-18,139.75,139.75,139.55,139.55,9100,,,
1997-08-19,139.75,139.75,139.75,139.75,4900,,,
1997-08-20,142.0,142.0,142.0,142.0,4500,,,
1997-08-21,143.0,143.0,128.9,137.75,8200,,,
1997-08-22,144.0,144.0,134.75,137.0,8200,,,
1997-08-25,138.5,138.5,138.5,138.5,3500,,,
1997-08-26,128.8,137.0,128.8,137.0,3600,,,
1997-08-27,125.1,129.0,125.1,129.0,200,,,
1997-08-28,130.0,132.5,125.0,130.75,800,,,
1997-08-29,121.3,131.7,121.25,129.3,900,,,
1997-09-01,121.6,131.9,121.55,129.9,2000,,,
1997-09-02,122.25,133.0,122.0,132.0,1000,,,
1997-09-03,130.95,131.9,130.95,131.9,1300,,,
1997-09-04,125.05,131.95,125.05,131.95,1300,,,
1997-09-05,130.0,137.95,124.0,127.55,4900,,,
1997-09-08,130.45,133.0,130.45,132.0,2700,,,
1997-09-09,127.25,134.9,125.25,134.6,3700,,,
1997-09-10,128.0,132.9,128.0,132.9,2900,,,
1997-09-11,130.25,132.35,130.25,132.15,1700,,,
1997-09-12,131.5,132.4,131.5,132.4,2400,,,
1997-09-15,127.5,133.4,127.25,131.65,3200,,,
1997-09-16,132.0,133.95,132.0,133.95,2400,,,
1997-09-17,129.0,132.9,129.0,132.9,200,,,
1997-09-18,130.9,131.95,130.9,131.95,2500,,,
1997-09-19,127.5,131.95,127.0,131.95,2900,,,
1997-09-22,127.0,132.5,125.5,129.45,3900,,,
1997-09-23,125.4,130.0,125.25,130.0,1400,,,
1997-09-24,126.0,127.0,123.55,126.65,4100,,,
1997-09-25,122.05,127.45,120.5,125.3,5200,,,
1997-09-26,121.5,127.3,120.0,123.35,5500,,,
1997-09-29,123.05,125.9,120.95,125.25,9000,,,
1997-09-30,121.9,125.4,121.0,124.35,8400,,,
1997-10-01,122.25,122.25,120.2,121.9,5400,,,
1997-10-09,120.3,122.65,120.0,122.65,300,,,
1997-10-10,119.95,122.0,119.95,122.0,600,,,
1997-10-13,120.05,121.95,119.5,121.55,4100,,,
1997-10-14,120.0,122.9,119.3,121.95,4300,,,
1997-10-15,119.25,122.75,119.25,122.75,1200,,,
1997-10-16,122.1,122.8,120.25,121.35,2500,,,
1997-10-17,119.9,122.4,119.9,121.45,3600,,,
1997-10-20,120.25,122.0,120.0,121.2,1300,,,
1997-10-21,120.05,124.95,116.55,121.1,2900,,,
1997-10-22,124.95,124.95,116.0,116.0,300,,,
1997-10-23,110.75,121.7,110.75,121.3,2100,,,
1997-10-24,122.0,124.8,120.0,124.05,4000,,,
1997-10-27,124.0,125.2,123.8,125.1,3200,,,
1997-10-28,127.0,127.15,119.0,126.6,4100,,,
1997-10-29,125.1,126.9,124.5,126.9,2000,,,
1997-11-03,126.0,126.0,122.5,126.0,400,,,
1997-11-04,126.0,127.0,125.0,126.9,1800,,,
1997-11-05,126.4,126.9,126.4,126.8,300,,,
1997-11-06,126.0,127.1,125.5,126.55,1900,,,
1997-11-07,126.0,126.35,125.05,126.2,2000,,,
1997-11-10,124.0,128.0,124.0,127.25,2200,,,
1997-11-11,126.0,127.9,125.0,127.65,1900,,,
1997-11-12,126.0,127.65,125.0,127.2,1000,,,
1997-11-13,125.5,126.8,125.5,126.65,1500,,,
1997-11-17,126.5,127.5,126.5,127.45,2300,,,
1997-11-18,127.0,127.5,125.0,126.15,1700,,,
1997-11-19,125.75,126.5,125.0,126.4,2200,,,
1997-11-20,126.0,126.3,125.0,126.3,1600,,,
1997-11-21,125.5,127.15,125.0,127.05,1800,,,
1997-11-24,125.0,127.0,125.0,126.95,2100,,,
1997-11-25,125.0,126.25,121.0,126.25,2300,,,
1997-11-26,124.9,126.5,124.9,126.5,1500,,,
1997-11-27,126.6,126.8,126.6,126.65,1700,,,
1997-11-28,126.9,126.9,126.9,126.9,2100,,,
1997-12-01,126.75,126.75,125.25,126.3,2000,,,
1997-12-02,127.0,127.0,125.0,126.45,3100,,,
1997-12-03,125.0,126.2,125.0,126.2,1400,,,
1997-12-04,125.0,126.75,125.0,126.65,1200,,,
1997-12-05,126.9,126.9,125.0,126.7,2100,,,
1997-12-08,126.0,126.65,125.0,126.65,2400,,,
1997-12-09,124.0,127.0,124.0,127.0,2200,,,
1997-12-10,125.0,127.0,125.0,126.9,1300,,,
1997-12-11,127.0,127.0,125.55,126.9,2300,,,
1997-12-12,126.5,127.25,125.0,126.95,1900,,,
1997-12-15,126.05,126.9,126.0,126.55,2200,,,
1997-12-16,127.5,127.5,124.0,127.0,1400,,,
1997-12-17,127.7,127.75,126.05,127.5,1700,,,
1997-12-18,127.55,127.55,126.85,127.1,1900,,,
1997-12-19,124.0,127.7,124.0,127.4,2400,,,
1997-12-22,127.9,128.0,126.0,127.0,2300,,,
1997-12-23,127.0,127.75,125.0,127.5,4600,,,
1997-12-24,127.45,127.45,126.05,127.3,3600,,,
1997-12-26,127.8,127.9,126.05,127.75,2600,,,
1997-12-29,127.85,127.85,126.05,127.75,3100,,,
1997-12-30,127.85,128.0,127.0,128.0,2600,,,
1997-12-31,127.85,128.0,127.25,128.0,2500,,,
1998-01-01,128.25,128.25,128.0,128.25,2700,,,
1998-01-02,124.0,128.5,124.0,128.35,3200,,,
1998-01-05,128.4,128.4,127.0,128.25,4900,,,
1998-01-06,127.6,128.0,126.0,127.5,5600,,,
1998-01-07,128.0,128.0,126.0,127.8,4800,,,
1998-01-08,127.85,128.0,124.0,127.45,6200,,,
1998-01-09,126.0,127.5,125.0,127.4,5700,,,
1998-01-12,126.0,126.0,126.0,126.0,500,,,
1998-01-13,126.0,126.5,126.0,126.5,300,,,
1998-01-14,126.95,126.95,125.0,125.0,1000,,,
1998-01-15,127.5,127.5,124.0,125.95,700,,,
1998-01-16,127.45,127.5,124.25,125.5,2000,,,
1998-01-19,127.35,127.35,125.0,125.05,4100,,,
1998-01-20,127.45,127.45,122.0,126.5,3800,,,
1998-01-21,127.45,127.45,125.55,125.55,500,,,
1998-01-22,127.45,127.45,125.5,125.9,3500,,,
1998-01-23,127.45,127.5,124.0,127.35,3400,,,
1998-01-27,125.5,127.0,125.0,126.0,3300,,,
1998-01-28,126.9,126.9,124.0,126.0,600,,,
1998-01-29,126.0,126.0,125.0,125.75,4000,,,
1998-01-30,125.5,126.0,125.0,125.75,600,,,
1998-02-02,126.0,126.0,125.0,125.85,3800,,,
1998-02-03,125.95,125.95,120.0,125.8,1200,,,
1998-02-04,125.9,125.9,113.6,125.85,4500,,,
1998-02-05,125.05,125.05,125.0,125.0,300,,,
1998-02-06,125.05,126.0,125.05,126.0,400,,,
1998-02-09,126.95,126.95,125.0,126.95,1200,,,
1998-02-10,127.0,127.3,125.25,125.9,600,,,
1998-02-11,126.0,126.0,125.05,125.9,400,,,
1998-02-12,125.9,125.9,125.9,125.9,300,,,
1998-02-13,126.5,126.5,125.0,125.9,700,,,
1998-02-17,125.0,126.5,125.0,126.5,200,,,
1998-02-18,125.0,125.9,125.0,125.9,200,,,
1998-02-19,126.0,126.0,125.05,125.85,400,,,
1998-02-20,125.05,125.95,125.0,125.95,600,,,
1998-02-23,125.95,125.95,125.0,125.0,1500,,,
1998-02-24,125.9,125.9,125.0,125.9,600,,,
1998-02-25,125.0,125.85,125.0,125.85,400,,,
1998-02-26,125.0,125.4,125.0,125.4,1700,,,
1998-02-27,125.95,125.95,125.95,125.95,100,,,
1998-03-02,125.5,137.0,125.05,133.3,900,,,
1998-03-03,125.1,128.0,125.1,128.0,300,,,
1998-03-04,126.0,130.0,126.0,130.0,300,,,
1998-03-05,127.95,130.0,127.95,129.0,500,,,
1998-03-06,128.05,130.9,128.05,130.9,200,,,
1998-03-09,128.05,129.9,120.0,129.9,700,,,
1998-03-10,128.0,131.4,118.65,124.5,1200,,,
1998-03-11,128.0,131.7,128.0,128.0,400,,,
1998-03-12,131.9,131.9,126.05,127.6,600,,,
1998-03-16,126.05,128.8,126.05,128.8,200,,,
1998-03-17,126.5,130.9,126.0,129.0,1000,,,
1998-03-18,130.8,130.8,126.05,127.75,400,,,
1998-03-19,129.9,129.9,129.9,129.9,100,,,
1998-03-20,127.9,131.9,127.9,129.25,300,,,
1998-03-24,131.0,131.0,127.1,130.0,300,,,
1998-03-25,130.0,130.0,128.9,129.0,300,,,
1998-03-26,129.0,129.0,129.0,129.0,100,,,
1998-03-27,130.9,130.9,127.0,130.75,500,,,
1998-03-30,127.05,129.9,127.05,129.9,200,,,
1998-03-31,127.05,129.9,127.0,129.9,500,,,
1998-04-02,128.05,131.9,128.05,131.9,200,,,
1998-04-03,130.0,131.0,130.0,130.5,200,,,
1998-04-06,132.9,132.9,132.9,132.9,100,,,
1998-04-07,127.55,131.5,127.5,128.95,700,,,
1998-04-09,132.0,132.0,131.0,131.5,400,,,
1998-04-13,127.0,131.0,127.0,129.5,800,,,
1998-04-15,131.0,135.0,130.9,134.35,500,,,
1998-04-16,132.5,134.9,132.5,134.9,400,,,
1998-04-20,134.9,134.9,130.0,131.95,300,,,
1998-04-21,127.05,130.0,127.05,130.0,400,,,
1998-04-22,129.0,139.9,129.0,132.0,1000,,,
1998-04-23,125.0,129.75,125.0,129.75,200,,,
1998-04-24,125.05,129.5,125.05,129.5,300,,,
1998-04-27,128.5,128.5,127.0,127.5,500,,,
1998-04-29,129.75,129.75,127.0,129.0,300,,,
1998-04-30,128.95,128.95,128.95,128.95,100,,,
1998-05-05,128.5,128.5,128.5,128.5,100,,,
1998-05-06,127.9,127.9,127.9,127.9,100,,,
1998-05-08,129.0,129.0,128.0,128.0,200,,,
1998-05-12,128.0,128.0,127.85,127.85,200,,,
1998-05-13,127.0,128.7,127.0,128.7,200,,,
1998-05-15,129.0,129.0,127.05,127.05,200,,,
1998-05-18,130.6,130.6,130.6,130.6,100,,,
1998-05-19,128.0,130.0,128.0,130.0,200,,,
1998-05-20,130.0,130.0,129.0,129.0,200,,,
1998-05-25,129.5,141.5,129.5,135.0,2800,,,
1998-05-26,130.0,140.0,127.1,127.6,1200,,,
1998-05-27,138.1,138.1,128.0,136.9,300,,,
1998-06-01,136.0,150.0,136.0,150.0,700,,,
1998-06-02,155.0,155.0,135.1,142.5,800,,,
1998-06-03,144.0,156.5,144.0,156.5,600,,,
1998-06-04,154.0,172.0,154.0,172.0,1200,,,
1998-06-05,172.0,177.95,172.0,174.0,1600,,,
1998-06-08,177.0,177.0,172.0,175.0,1200,,,
1998-06-09,175.0,175.0,160.05,165.0,1000,,,
1998-06-12,148.55,148.55,148.55,148.55,100,,,
1998-06-15,155.0,155.0,135.0,139.0,300,,,
1998-06-19,127.0,127.0,127.0,127.0,100,,,
1998-06-22,122.9,122.9,122.45,122.45,3100,,,
1998-06-23,120.0,120.0,120.0,120.0,100,,,
1998-06-26,111.05,111.05,111.05,111.05,100,,,
1998-06-30,105.0,105.0,104.0,104.0,200,,,
1998-07-14,112.25,112.25,112.25,112.25,100,,,
1998-07-27,109.0,109.0,109.0,109.0,100,,,
1998-08-07,105.0,105.0,105.0,105.0,200,,,
1998-08-19,113.0,113.0,113.0,113.0,100,,,
1998-08-20,104.0,105.0,104.0,105.0,300,,,
1998-09-01,101.0,101.0,97.0,97.0,200,,,
1998-09-02,99.0,99.0,91.05,91.05,200,,,
1998-09-03,86.0,86.0,85.5,85.5,200,,,
1998-09-04,81.0,81.0,81.0,81.0,100,,,
1998-09-07,76.0,76.1,76.0,76.0,300,,,
1998-09-08,75.0,82.0,75.0,81.0,800,,,
1998-09-09,85.0,85.0,85.0,85.0,100,,,
1998-09-18,90.0,90.0,89.0,89.0,300,,,
1998-09-23,90.2,90.2,90.2,90.2,100,,,
1998-09-29,93.0,93.0,93.0,93.0,100,,,
1998-10-06,90.0,90.0,90.0,90.0,100,,,
1998-10-13,90.5,90.5,90.5,90.5,100,,,
1998-10-15,83.0,83.0,83.0,83.0,100,,,
1998-10-26,85.0,85.0,85.0,85.0,300,,,
1998-10-28,89.0,89.0,89.0,89.0,100,,,
1998-10-30,82.0,82.0,82.0,82.0,100,,,
1998-11-02,84.9,85.85,84.9,85.85,300,,,
1998-11-05,79.0,79.0,79.0,79.0,100,,,
1998-11-06,73.0,73.0,73.0,73.0,100,,,
1998-11-09,78.0,78.75,78.0,78.75,300,,,
1998-11-11,84.0,84.0,84.0,84.0,100,,,
1998-11-12,85.25,85.25,84.0,84.0,200,,,
1998-11-16,84.5,84.5,84.5,84.5,100,,,
1998-11-23,84.0,84.05,84.0,84.05,200,,,
1998-11-24,84.0,84.0,84.0,84.0,200,,,
1998-11-26,84.0,84.0,83.0,83.0,200,,,
1998-11-28,84.0,84.0,82.0,82.0,200,,,
1998-11-30,84.5,84.5,84.0,84.0,200,,,
1998-12-01,83.3,83.3,83.3,83.3,100,,,
1998-12-08,83.0,83.0,83.0,83.0,200,,,
1998-12-09,83.05,83.05,83.05,83.05,100,,,
1998-12-14,83.0,85.0,83.0,85.0,200,,,
1998-12-16,83.05,83.05,83.05,83.05,200,,,
1998-12-23,86.0,86.0,83.5,83.5,200,,,
1998-12-30,83.05,88.0,83.05,88.0,200,,,
1999-01-06,83.05,83.5,83.0,83.0,300,,,
1999-01-07,86.0,86.0,84.0,86.0,1300,,,
1999-01-08,86.5,87.0,83.8,83.8,2000,,,
1999-01-11,84.1,85.8,84.1,85.0,800,,,
1999-01-12,83.0,84.1,81.0,81.0,1100,,,
1999-01-13,79.5,83.0,79.5,82.7,300,,,
1999-01-14,78.5,78.5,78.5,78.5,100,,,
1999-01-18,82.5,84.75,82.5,84.75,200,,,
1999-01-21,79.05,79.05,79.05,79.05,100,,,
1999-01-22,78.0,83.5,78.0,83.5,700,,,
1999-01-25,88.0,88.0,88.0,88.0,100,,,
1999-01-27,95.0,95.0,94.0,95.0,2500,,,
1999-01-28,102.0,102.0,96.0,100.45,1700,,,
1999-01-29,103.0,104.0,102.0,104.0,400,,,
1999-02-01,108.95,108.95,104.0,108.0,600,,,
1999-02-02,115.0,115.0,108.0,108.0,500,,,
1999-02-03,114.9,114.9,108.75,110.95,800,,,
1999-02-04,114.5,117.9,112.95,116.0,900,,,
1999-02-05,121.45,121.5,117.0,120.0,400,,,
1999-02-08,125.0,125.0,120.05,124.95,400,,,
1999-02-09,129.0,129.0,121.0,128.4,1000,,,
1999-02-10,136.8,138.0,133.5,135.25,1800,,,
1999-02-11,145.5,145.5,140.0,142.4,1000,,,
1999-02-12,142.5,142.5,140.0,140.0,2300,,,
1999-02-15,145.0,148.95,138.2,144.0,2000,,,
1999-02-16,144.0,155.55,144.0,155.55,3100,,,
1999-02-17,164.0,168.0,164.0,168.0,1100,,,
1999-02-18,177.0,180.0,177.0,180.0,1200,,,
1999-02-19,193.0,193.0,185.0,193.0,1500,,,
1999-02-22,195.0,208.25,194.0,208.25,3600,,,
1999-02-23,224.9,224.9,209.0,216.0,1100,,,
1999-02-24,230.0,230.0,218.0,218.0,1200,,,
1999-02-25,226.75,226.75,201.0,201.0,3300,,,
1999-02-26,190.0,205.0,190.0,203.0,4500,,,
1999-02-27,200.25,209.0,191.5,207.0,1800,,,
1999-03-01,204.0,208.0,204.0,208.0,1100,,,
1999-03-03,220.0,222.0,211.0,211.0,1400,,,
1999-03-04,217.0,217.0,212.0,212.0,1800,,,
1999-03-05,208.0,208.0,205.0,205.0,700,,,
1999-03-08,206.0,206.25,200.0,205.0,1500,,,
1999-03-09,201.0,201.0,195.0,200.0,1400,,,
1999-03-10,202.0,202.0,184.1,197.0,1300,,,
1999-03-11,204.0,208.8,197.0,198.0,2700,,,
1999-03-12,200.0,200.0,198.0,198.0,200,,,
1999-03-15,210.0,210.0,191.75,191.75,600,,,
1999-03-16,190.25,191.8,187.0,191.8,2500,,,
1999-03-17,194.75,195.0,184.0,184.0,900,,,
1999-03-18,180.0,190.0,180.0,190.0,1000,,,
1999-03-19,187.0,193.9,187.0,193.9,300,,,
1999-03-20,195.0,201.0,195.0,201.0,1600,,,
1999-03-22,190.0,190.0,190.0,190.0,100,,,
1999-03-23,192.0,192.0,186.0,186.0,1300,,,
1999-03-24,195.0,195.0,186.75,186.75,400,,,
1999-03-25,187.0,187.0,186.0,186.0,400,,,
1999-03-26,186.0,189.0,184.5,184.5,2300,,,
1999-03-30,192.0,192.0,180.0,180.0,3400,,,
1999-03-31,190.0,190.0,187.0,187.0,200,,,
1999-04-01,186.3,193.0,186.25,187.55,3500,,,
1999-04-05,186.0,186.0,185.0,185.0,700,,,
1999-04-06,184.0,190.0,183.25,183.25,2200,,,
1999-04-07,184.0,184.0,182.0,182.0,2000,,,
1999-04-08,173.0,189.0,173.0,181.0,2500,,,
1999-04-09,182.0,182.0,180.0,180.0,300,,,
1999-04-12,182.0,182.0,180.5,180.5,300,,,
1999-04-13,181.0,182.0,180.5,182.0,300,,,
1999-04-15,181.0,186.0,179.25,186.0,300,,,
1999-04-16,180.0,180.0,180.0,180.0,100,,,
1999-04-17,180.0,183.0,171.0,183.0,600,,,
1999-04-19,194.0,194.0,194.0,194.0,200,,,
1999-04-20,180.25,185.0,180.0,185.0,300,,,
1999-04-21,180.0,180.5,180.0,180.0,500,,,
1999-04-22,180.0,180.0,178.0,178.0,200,,,
1999-04-23,189.0,189.0,172.0,185.0,2500,,,
1999-04-26,183.4,183.4,183.0,183.0,900,,,
1999-04-28,180.0,181.5,178.0,178.0,1100,,,
1999-04-29,181.4,181.4,178.0,181.3,1900,,,
1999-04-30,184.0,185.0,180.05,185.0,1000,,,
1999-05-03,184.45,184.5,180.0,180.0,1400,,,
1999-05-04,183.0,183.0,178.0,178.0,1300,,,
1999-05-05,188.0,188.0,178.0,178.0,1000,,,
1999-05-06,175.0,192.25,175.0,191.0,2700,,,
1999-05-07,199.0,199.0,190.0,196.0,1200,,,
1999-05-10,209.85,210.0,205.0,205.0,1500,,,
1999-05-11,210.0,210.0,200.0,203.0,2600,,,
1999-05-12,210.0,210.0,203.0,203.0,300,,,
1999-05-13,200.0,200.0,190.0,190.0,1700,,,
1999-05-14,197.0,197.0,185.0,192.75,700,,,
1999-05-17,195.0,195.0,195.0,195.0,100,,,
1999-05-18,191.05,191.05,190.0,191.0,1900,,,
1999-05-20,185.0,190.0,180.0,190.0,300,,,
1999-05-21,185.0,185.0,185.0,185.0,100,,,
1999-05-24,180.0,186.0,180.0,186.0,300,,,
1999-05-25,186.0,186.0,182.0,185.0,600,,,
1999-05-27,186.0,186.0,184.0,184.0,300,,,
1999-05-28,185.0,185.0,180.0,180.0,300,,,
1999-06-01,189.9,194.95,180.25,194.95,500,,,
1999-06-02,190.0,190.0,179.6,179.6,200,,,
1999-06-03,170.0,182.5,170.0,180.0,600,,,
1999-06-04,181.0,181.0,179.0,180.0,400,,,
1999-06-07,180.0,180.0,178.0,178.0,300,,,
1999-06-08,183.0,183.0,180.0,180.0,200,,,
1999-06-11,179.9,180.0,179.9,180.0,600,,,
1999-06-14,179.0,179.0,179.0,179.0,100,,,
1999-06-15,180.0,181.0,180.0,181.0,500,,,
1999-06-17,184.0,184.0,184.0,184.0,100,,,
1999-06-18,179.0,179.0,179.0,179.0,300,,,
1999-06-21,183.8,184.0,175.0,183.0,1100,,,
1999-06-22,184.0,185.0,178.0,180.0,1100,,,
1999-06-24,185.0,186.0,172.0,178.0,800,,,
1999-06-29,177.5,179.0,175.0,175.0,400,,,
1999-06-30,178.0,181.5,178.0,181.5,800,,,
1999-07-01,184.0,187.7,184.0,186.25,700,,,
1999-07-02,185.0,188.5,185.0,186.4,500,,,
1999-07-05,190.0,191.0,184.0,186.65,800,,,
1999-07-06,191.0,195.0,186.0,194.5,1100,,,
1999-07-07,196.0,196.0,190.0,190.0,1400,,,
1999-07-08,195.0,198.0,189.0,190.0,600,,,
1999-07-09,195.0,195.0,185.0,189.35,700,,,
1999-07-12,195.0,204.0,190.0,201.0,2300,,,
1999-07-13,204.0,204.0,195.0,195.0,1600,,,
1999-07-14,200.0,200.0,190.0,191.5,700,,,
1999-07-15,190.25,190.25,182.0,190.0,400,,,
1999-07-16,190.0,194.5,180.0,190.0,800,,,
1999-07-19,192.0,192.0,189.0,189.0,300,,,
1999-07-20,195.0,195.0,190.0,190.0,200,,,
1999-07-21,194.0,197.0,190.0,190.0,1200,,,
1999-07-22,193.0,194.0,185.0,190.0,1200,,,
1999-07-23,194.0,205.0,190.25,198.5,3100,,,
1999-07-26,201.0,203.0,199.0,199.0,3300,,,
1999-07-27,205.0,206.0,190.0,194.95,1500,,,
1999-07-28,194.0,195.0,190.0,194.0,400,,,
1999-07-29,194.0,195.0,190.0,190.0,800,,,
1999-07-30,190.0,190.0,188.0,188.0,200,,,
1999-08-02,188.0,190.0,185.0,188.3,800,,,
1999-08-03,185.0,188.75,185.0,188.0,500,,,
1999-08-04,187.0,187.0,187.0,187.0,100,,,
1999-08-05,198.0,199.0,186.0,189.5,1200,,,
1999-08-06,197.0,198.0,184.0,190.35,900,,,
1999-08-09,194.0,195.0,190.0,190.0,600,,,
1999-08-10,192.0,192.0,180.0,180.0,600,,,
1999-08-11,193.0,194.0,193.0,194.0,500,,,
1999-08-12,192.75,193.0,180.0,180.0,700,,,
1999-08-13,192.9,192.9,192.9,192.9,500,,,
1999-08-16,193.0,194.9,190.0,190.0,700,,,
1999-08-17,175.0,175.0,175.0,175.0,100,,,
1999-08-18,185.8,185.8,185.8,185.8,100,,,
1999-08-19,200.7,200.7,196.0,197.6,3400,,,
1999-08-20,205.0,209.0,195.0,201.05,1400,,,
1999-08-23,206.0,210.0,204.05,207.05,1300,,,
1999-08-24,213.0,223.65,192.0,208.15,14700,,,
1999-08-25,215.0,224.8,212.5,220.0,5100,,,
1999-08-26,220.0,229.9,220.0,229.9,1300,,,
1999-08-27,229.9,248.0,226.1,241.55,8600,,,
1999-08-30,236.15,239.0,233.0,233.25,1600,,,
1999-08-31,228.75,242.0,228.75,238.05,2400,,,
1999-09-01,242.0,242.0,232.0,233.4,2700,,,
1999-09-02,230.0,240.0,221.0,230.0,4100,,,
1999-09-03,230.0,234.95,228.0,234.95,1300,,,
1999-09-06,228.2,240.0,228.0,237.55,3300,,,
1999-09-07,235.0,238.5,229.1,229.75,1400,,,
1999-09-08,225.0,230.0,225.0,226.75,500,,,
1999-09-09,225.0,225.8,225.0,225.8,300,,,
1999-09-10,224.0,227.0,221.0,224.85,1700,,,
1999-09-14,216.0,218.0,216.0,218.0,1000,,,
1999-09-15,221.0,221.0,218.0,218.05,1200,,,
1999-09-16,216.5,217.5,216.5,217.5,400,,,
1999-09-17,224.0,227.0,224.0,226.3,500,,,
1999-09-20,227.0,227.0,222.25,222.25,1200,,,
1999-09-21,207.5,218.0,205.1,216.45,2400,,,
1999-09-22,210.0,215.0,210.0,215.0,300,,,
1999-09-23,217.0,232.2,217.0,232.2,1000,,,
1999-09-24,236.0,245.0,236.0,241.0,900,,,
1999-09-27,250.0,260.3,250.0,260.3,2400,,,
1999-09-28,279.9,281.15,275.0,281.15,2700,,,
1999-09-29,303.0,303.65,302.95,303.65,1300,,,
1999-09-30,325.0,327.95,310.0,326.35,13400,,,
1999-10-01,316.0,348.0,316.0,331.3,6700,,,
1999-10-04,340.0,356.0,320.0,344.9,5300,,,
1999-10-05,349.95,369.9,347.0,363.25,7700,,,
1999-10-06,391.6,392.35,391.5,392.35,11800,,,
1999-10-07,419.9,423.4,407.3,419.4,29900,,,
1999-10-08,435.0,442.0,413.0,414.0,4000,,,
1999-10-11,414.0,447.15,413.0,447.15,9200,,,
1999-10-12,425.0,464.0,421.0,449.35,8300,,,
1999-10-13,461.0,485.0,415.25,485.0,10200,,,
1999-10-14,512.95,512.95,482.05,493.9,4600,,,
1999-10-15,480.0,480.0,463.5,463.5,1500,,,
1999-10-18,456.25,461.0,427.0,432.2,36100,,,
1999-10-20,442.0,453.0,411.0,446.65,7900,,,
1999-10-21,440.1,440.1,430.0,430.0,800,,,
1999-10-22,440.0,440.05,440.0,440.0,1800,,,
1999-10-23,440.0,440.0,440.0,440.0,100,,,
1999-10-25,440.0,440.2,430.0,430.0,1700,,,
1999-10-26,423.0,439.8,423.0,432.7,2500,,,
1999-10-27,439.8,439.8,430.0,430.0,1300,,,
1999-10-28,430.0,430.0,410.0,410.0,1400,,,
1999-10-29,420.0,430.0,400.0,430.0,2300,,,
1999-11-01,415.0,415.0,395.6,395.6,2100,,,
1999-11-02,395.0,424.0,364.0,424.0,3900,,,
1999-11-03,420.0,420.0,390.5,390.5,1200,,,
1999-11-04,390.0,390.0,390.0,390.0,200,,,
1999-11-05,399.0,421.0,399.0,400.25,800,,,
1999-11-09,400.0,409.0,396.0,401.7,40800,,,
1999-11-10,402.0,402.0,400.0,400.6,1000,,,
1999-11-11,405.0,410.0,405.0,405.0,300,,,
1999-11-12,410.0,410.0,400.0,400.0,1100,,,
1999-11-15,413.0,432.0,408.0,432.0,2100,,,
1999-11-16,410.0,455.0,410.0,454.85,21900,,,
1999-11-17,480.0,490.0,470.0,476.0,1600,,,
1999-11-18,505.0,507.0,479.0,490.0,1900,,,
1999-11-19,480.0,500.0,470.0,487.5,2200,,,
1999-11-22,487.0,498.0,475.0,480.5,1500,,,
1999-11-24,510.0,518.9,505.0,516.0,6100,,,
1999-11-25,520.0,556.45,505.0,532.7,7200,,,
1999-11-26,564.0,564.0,535.0,553.05,5800,,,
1999-11-29,542.0,558.0,542.0,546.0,2300,,,
1999-11-30,539.5,549.0,532.0,541.0,9900,,,
1999-12-01,541.0,550.0,541.0,545.05,900,,,
1999-12-02,526.0,549.0,526.0,549.0,700,,,
1999-12-03,534.0,550.0,534.0,550.0,1000,,,
1999-12-06,561.0,561.0,550.0,551.0,900,,,
1999-12-07,550.0,559.0,550.0,557.5,1600,,,
1999-12-08,560.0,560.0,550.0,550.0,1100,,,
1999-12-09,550.0,550.0,550.0,550.0,400,,,
1999-12-10,551.0,564.0,550.0,564.0,900,,,
1999-12-13,550.0,550.0,550.0,550.0,200,,,
1999-12-14,550.0,550.0,510.0,548.7,7000,,,
1999-12-15,550.0,550.0,540.0,540.0,700,,,
1999-12-16,540.0,540.0,540.0,540.0,200,,,
1999-12-17,549.0,560.0,540.0,547.0,1400,,,
1999-12-20,551.0,560.0,551.0,560.0,500,,,
1999-12-21,560.0,560.0,550.0,550.0,400,,,
1999-12-22,570.0,590.0,570.0,589.35,1100,,,
1999-12-23,575.0,575.0,575.0,575.0,100,,,
1999-12-24,605.0,620.0,605.0,618.3,600,,,
1999-12-27,600.0,600.0,590.0,590.0,700,,,
1999-12-28,590.0,600.0,562.0,598.5,5300,,,
1999-12-29,620.0,630.0,620.0,630.0,500,,,
1999-12-30,620.0,678.8,620.0,678.8,400,,,
2000-01-03,700.0,733.0,700.0,733.0,2100,,,
2000-01-04,789.0,789.0,715.0,742.5,1700,,,
2000-01-05,749.0,749.0,706.0,725.5,1500,,,
2000-01-06,720.0,740.0,720.0,738.2,1000,,,
2000-01-07,732.0,732.0,707.0,725.0,1700,,,
2000-01-10,700.0,740.0,700.0,740.0,2600,,,
2000-01-11,702.5,730.0,700.0,708.0,1200,,,
2000-01-12,701.0,718.0,700.0,704.5,700,,,
2000-01-13,700.0,730.0,700.0,730.0,1700,,,
2000-01-14,705.0,725.0,700.0,721.0,2100,,,
2000-01-17,716.0,720.0,716.0,720.0,400,,,
2000-01-18,704.25,704.25,700.0,700.0,600,,,
2000-01-19,700.1,701.0,700.0,701.0,800,,,
2000-01-20,700.0,700.0,700.0,700.0,200,,,
2000-01-21,710.0,710.0,700.0,700.0,700,,,
2000-01-24,700.0,707.9,700.0,700.85,1200,,,
2000-01-25,700.0,702.5,695.0,695.0,12000,,,
2000-01-27,700.0,700.0,690.0,690.0,1700,,,
2000-01-28,688.0,688.0,688.0,688.0,100,,,
2000-01-31,675.0,690.0,675.0,685.0,10500,,,
2000-02-01,662.1,694.9,660.0,694.9,1000,,,
2000-02-02,700.0,700.0,675.0,675.0,200,,,
2000-02-03,695.0,695.0,655.15,655.15,400,,,
2000-02-04,675.0,675.0,675.0,675.0,100,,,
2000-02-07,675.0,675.0,655.0,655.0,200,,,
2000-02-08,650.0,655.0,650.0,652.5,300,,,
2000-02-09,675.0,675.0,650.0,650.0,600,,,
2000-02-10,665.0,674.7,665.0,670.0,5800,,,
2000-02-11,670.0,695.0,665.0,665.0,3400,,,
2000-02-14,632.05,660.0,630.0,630.0,800,,,
2000-02-15,625.0,670.0,625.0,659.5,19900,,,
2000-02-16,665.0,665.0,655.0,665.0,400,,,
2000-02-17,650.1,650.1,650.0,650.0,300,,,
2000-02-18,665.0,665.0,650.0,650.0,300,,,
2000-02-21,690.0,695.0,665.0,670.0,20000,,,
2000-02-22,665.0,680.0,665.0,665.0,22100,,,
2000-02-23,621.0,709.9,621.0,675.1,10800,,,
2000-02-24,685.0,685.0,670.0,675.0,4500,,,
2000-02-25,665.0,670.0,665.0,669.95,10100,,,
2000-02-28,665.0,665.0,665.0,665.0,300,,,
2000-02-29,665.0,689.0,665.0,665.0,2000,,,
2000-03-01,665.0,673.0,621.0,673.0,1000,,,
2000-03-02,665.0,670.0,640.0,650.0,19200,,,
2000-03-03,650.0,673.0,650.0,650.2,1100,,,
2000-03-06,650.0,650.0,640.0,640.0,400,,,
2000-03-07,640.0,650.0,635.0,645.0,25900,,,
2000-03-08,665.0,665.0,630.0,630.0,900,,,
2000-03-10,640.0,640.0,630.0,630.0,7700,,,
2000-03-13,640.0,640.0,630.0,630.0,20100,,,
2000-03-14,620.0,630.0,610.0,610.0,2000,,,
2000-03-15,610.0,610.0,610.0,610.0,100,,,
2000-03-16,635.0,635.0,615.0,615.0,300,,,
2000-03-21,630.0,632.0,630.0,630.0,24400,,,
2000-03-22,665.0,665.0,635.0,641.0,41300,,,
2000-03-23,635.0,640.0,635.0,636.0,400,,,
2000-03-24,610.1,640.0,610.1,630.0,800,,,
2000-03-27,630.0,665.0,620.1,665.0,51000,,,
2000-03-28,660.0,660.0,630.0,630.0,11800,,,
2000-03-30,611.1,611.1,611.1,611.1,100,,,
2000-04-04,566.0,566.0,562.5,562.5,200,,,
2000-04-05,599.0,599.0,599.0,599.0,100,,,
2000-04-06,562.1,562.1,562.1,562.1,100,,,
2000-04-10,604.0,604.0,604.0,604.0,100,,,
2000-04-11,604.0,649.0,604.0,649.0,300,,,
2000-04-12,648.0,649.0,648.0,649.0,200,,,
2000-04-13,602.0,603.0,602.0,603.0,200,,,
2000-04-25,640.0,640.0,590.0,590.0,9800,,,
2000-04-26,619.0,619.0,619.0,619.0,100,,,
2000-05-02,607.0,607.0,607.0,607.0,6800,,,
2000-05-03,608.0,608.0,608.0,608.0,10000,,,
2000-05-04,591.0,591.0,590.0,590.0,4600,,,
2000-05-05,552.0,589.0,552.0,572.0,2800,,,
2000-05-09,585.0,585.0,580.0,580.0,17300,,,
2000-05-10,545.0,545.0,545.0,545.0,900,,,
2000-05-11,540.0,540.0,516.0,520.0,10000,,,
2000-05-16,515.0,543.0,515.0,522.0,11400,,,
2000-05-17,529.0,529.0,527.0,527.0,2200,,,
2000-05-19,562.0,562.25,557.0,557.75,36000,,,
2000-05-22,544.0,544.0,540.0,540.0,9100,,,
2000-05-23,550.0,550.0,550.0,550.0,7100,,,
2000-05-24,575.0,575.0,575.0,575.0,2500,,,
2000-05-25,565.0,565.0,560.0,560.0,7100,,,
2000-05-26,560.0,588.0,551.0,563.0,18100,,,
2000-05-29,531.0,564.0,531.0,551.45,13300,,,
2000-05-30,558.0,580.0,554.0,574.95,28800,,,
2000-06-01,563.5,564.0,563.5,564.0,2600,,,
2000-06-02,564.0,565.0,564.0,564.0,13200,,,
2000-06-05,570.0,570.0,560.0,560.0,10400,,,
2000-06-06,555.0,555.0,555.0,555.0,1400,,,
2000-06-07,560.0,560.0,560.0,560.0,1400,,,
2000-06-12,516.0,516.0,516.0,516.0,100,,,
2000-06-13,499.0,499.0,477.4,477.4,1500,,,
2000-06-14,510.0,515.0,510.0,515.0,200,,,
2000-06-15,515.0,515.0,515.0,515.0,1400,,,
2000-06-16,515.0,515.0,515.0,515.0,100,,,
2000-06-19,501.0,501.0,501.0,501.0,100,,,
2000-06-20,485.0,525.0,485.0,525.0,1500,,,
2000-06-21,554.7,554.7,554.7,554.7,100,,,
2000-06-23,645.0,645.0,552.0,604.0,2300,,,
2000-06-26,557.0,620.0,556.0,598.0,2200,,,
2000-06-28,550.7,619.0,550.7,619.0,1300,,,
2000-06-29,575.1,575.1,571.3,572.1,300,,,
2000-06-30,536.1,604.8,536.1,604.6,2300,,,
2000-07-03,570.0,600.0,561.0,561.0,500,,,
2000-07-04,541.3,562.0,541.3,562.0,2200,,,
2000-07-05,560.0,560.0,560.0,560.0,7000,,,
2000-07-06,564.0,565.0,564.0,564.0,5000,,,
2000-07-10,530.0,580.0,530.0,580.0,300,,,
2000-07-11,535.0,544.0,534.0,544.0,5100,,,
2000-07-13,505.1,564.0,505.1,564.0,400,,,
2000-07-14,540.0,540.0,539.0,539.5,3700,,,
2000-07-17,542.0,543.0,532.0,532.0,7300,,,
2000-07-18,490.1,520.0,490.1,503.0,11300,,,
2000-07-19,543.25,543.25,543.25,543.25,1,,,
2000-07-20,579.9,579.9,560.0,560.0,6,,,
2000-07-25,555.0,555.0,555.0,555.0,5,,,
2000-08-18,599.0,599.0,599.0,599.0,5,,,
2000-08-29,552.0,642.0,552.0,642.0,130,,,
2000-08-30,645.0,650.0,645.0,650.0,2000,,,
2000-09-04,605.0,605.0,605.0,605.0,100,,,
2000-09-05,649.9,649.9,649.9,649.9,10,,,
2000-09-06,650.0,650.0,646.0,646.0,4050,,,
2000-09-07,650.0,696.0,650.0,696.0,300,,,
2000-09-08,750.0,750.0,642.0,656.1,260,,,
2000-09-11,700.0,700.0,700.0,700.0,50,,,
2000-09-12,750.9,754.0,663.1,663.1,185,,,
2000-09-13,660.0,715.0,660.0,700.0,196,,,
2000-09-14,744.0,744.0,650.1,662.6,11,,,
2000-09-15,699.0,699.0,650.0,660.0,221,,,
2000-09-18,640.3,640.3,640.3,640.3,80,,,
2000-09-19,689.0,691.45,620.1,670.6,221,,,
2000-09-20,622.0,670.0,622.0,670.0,3010,,,
2000-09-26,698.0,700.0,698.0,700.0,100,,,
2000-09-27,650.0,650.0,650.0,650.0,10,,,
2000-09-28,603.1,648.0,603.1,640.0,17,,,
2000-09-29,590.0,590.0,590.0,590.0,25,,,
2000-10-03,544.1,634.9,544.1,634.9,26,,,
2000-10-04,632.95,632.95,600.0,628.0,20015,,,
2000-10-06,585.0,585.0,580.0,580.0,11,,,
2000-10-09,550.0,625.0,541.0,541.0,27,,,
2000-10-10,520.0,580.0,505.0,580.0,7380,,,
2000-10-12,600.0,601.0,600.0,600.0,6000,,,
2000-10-18,600.0,605.0,598.0,601.2,14000,,,
2000-10-19,560.0,560.0,560.0,560.0,10,,,
2000-10-24,600.0,600.0,600.0,600.0,105,,,
2000-10-25,628.0,628.0,627.0,627.0,3500,,,
2000-10-26,630.0,630.0,630.0,630.0,5,,,
2000-10-27,650.0,650.0,650.0,650.0,5,,,
2000-10-31,649.0,649.0,640.0,640.0,39200,,,
2000-11-01,657.9,689.0,600.0,660.35,20150,,,
2000-11-02,675.0,677.0,608.0,640.0,4065,,,
2000-11-03,615.0,690.0,615.0,669.95,275,,,
2000-11-06,689.0,710.0,625.0,654.35,2247,,,
2000-11-07,670.0,705.0,650.0,660.0,20042,,,
2000-11-08,710.0,710.0,625.0,669.0,115,,,
2000-11-09,668.0,668.0,665.0,665.0,2000,,,
2000-11-13,662.0,662.0,662.0,662.0,25,,,
2000-11-14,649.9,715.0,649.9,700.0,20346,,,
2000-11-15,684.0,700.0,645.0,662.45,16380,,,
2000-11-16,684.0,686.0,660.0,660.3,20738,,,
2000-11-17,665.0,665.0,664.0,664.0,3000,,,
2000-11-20,625.7,680.0,625.7,680.0,160,,,
2000-11-21,680.0,690.0,640.0,677.4,17150,,,
2000-11-22,685.0,685.0,685.0,685.0,5800,,,
2000-11-23,675.0,677.0,675.0,677.0,1300,,,
2000-11-24,635.0,635.0,625.0,625.0,150,,,
2000-11-27,650.0,660.0,640.0,660.0,21,,,
2000-11-28,671.0,672.25,663.0,664.1,30000,,,
2000-11-29,654.0,654.0,654.0,654.0,6,,,
2000-11-30,651.0,651.0,615.1,637.5,8012,,,
2000-12-04,645.0,645.0,625.0,639.0,7055,,,
2000-12-05,620.0,635.0,610.0,635.0,5010,,,
2000-12-06,615.0,644.95,603.0,642.55,177,,,
2000-12-07,675.0,675.0,610.0,638.9,4442,,,
2000-12-08,668.9,668.9,644.95,657.0,45,,,
2000-12-12,649.0,660.0,640.0,650.0,5000,,,
2000-12-13,615.1,615.1,615.1,615.1,50,,,
2000-12-14,656.0,656.0,630.0,647.9,5450,,,
2000-12-15,645.0,645.0,620.0,620.0,520,,,
2000-12-18,639.25,639.25,620.0,639.0,11176,,,
2000-12-19,672.5,672.5,620.0,626.0,10076,,,
2000-12-21,625.0,625.0,625.0,625.0,1,,,
2000-12-26,648.95,648.95,620.0,640.0,8124,,,
2000-12-27,649.85,649.85,624.0,624.0,20760,,,
2000-12-28,640.0,640.0,600.1,600.1,45,,,
2000-12-29,620.0,620.0,620.0,620.0,5000,,,
2001-01-01,635.0,635.0,606.0,626.35,503,,,
2001-01-02,635.0,635.0,625.0,625.0,5900,,,
2001-01-03,650.0,650.0,601.0,601.0,3501,,,
2001-01-04,625.0,627.0,600.1,619.9,3119,,,
2001-01-10,605.0,605.0,605.0,605.0,12000,,,
2001-01-11,630.0,630.0,625.0,625.0,4500,,,
2001-01-16,575.0,575.0,575.0,575.0,8745,,,
2001-01-18,600.0,600.0,600.0,600.0,18000,,,
2001-01-19,570.0,570.0,570.0,570.0,25,,,
2001-01-23,580.0,580.0,578.0,578.0,18000,,,
2001-01-25,573.0,600.0,535.0,535.0,76,,,
2001-01-29,557.0,574.7,550.0,574.65,365,,,
2001-01-30,540.5,612.7,540.0,611.3,18118,,,
2001-01-31,640.0,640.0,566.0,590.2,350,,,
2001-02-02,550.25,550.25,550.25,550.25,50,,,
2001-02-05,545.0,560.0,545.0,559.2,71,,,
2001-02-06,577.0,580.0,536.2,580.0,226,,,
2001-02-08,605.0,608.0,542.0,550.0,10623,,,
2001-02-12,509.2,509.2,509.2,509.2,5,,,
2001-02-13,540.0,540.0,525.0,528.6,60,,,
2001-02-14,540.0,540.0,520.0,520.0,16,,,
2001-02-15,555.0,555.0,540.0,540.0,7500,,,
2001-02-19,540.0,540.0,540.0,540.0,10,,,
2001-02-21,545.0,550.0,497.0,501.6,18802,,,
2001-02-23,525.0,525.0,520.0,520.0,5000,,,
2001-02-27,520.0,525.0,520.0,525.0,5000,,,
2001-02-28,540.0,540.0,534.0,534.0,116,,,
2001-03-01,540.0,540.0,538.0,538.0,10000,,,
2001-03-05,560.0,560.0,555.0,555.0,2500,,,
2001-03-07,520.0,545.0,520.0,543.0,45855,,,
2001-03-09,545.0,545.0,545.0,545.0,8000,,,
2001-03-14,525.0,525.0,525.0,525.0,10,,,
2001-03-15,525.0,528.0,523.0,528.0,30000,,,
2001-03-19,505.0,505.0,500.0,500.0,20,,,
2001-03-20,460.0,460.0,460.0,460.0,1,,,
2001-03-22,490.0,490.0,488.0,488.0,10400,,,
2001-03-23,483.9,483.9,483.9,483.9,50,,,
2001-03-26,475.0,475.0,475.0,475.0,1,,,
2001-03-27,470.0,470.0,470.0,470.0,1,,,
2001-03-29,475.0,475.0,434.3,434.3,3271,,,
2001-03-30,421.0,421.0,421.0,421.0,49,,,
2001-04-03,389.0,440.0,389.0,435.0,161,,,
2001-04-04,406.0,450.0,406.0,447.25,13402,,,
2001-04-06,412.1,435.0,412.1,435.0,3,,,
2001-04-10,400.2,400.2,400.2,400.2,11500,,,
2001-04-11,395.0,423.0,390.0,393.65,25107,,,
2001-04-12,390.0,390.0,368.0,385.0,114,,,
2001-04-16,385.0,415.0,380.0,388.9,28311,,,
2001-04-17,415.0,415.0,379.0,394.0,7560,,,
2001-04-18,415.0,415.0,415.0,415.0,5,,,
2001-04-19,414.0,425.0,408.0,408.0,2009,,,
2001-04-20,403.0,403.0,400.0,400.5,6400,,,
2001-04-23,399.0,399.0,399.0,399.0,760,,,
2001-04-24,399.0,408.0,385.0,400.0,369,,,
2001-04-26,405.0,405.0,405.0,405.0,13,,,
2001-05-03,397.0,397.0,396.0,396.0,10100,,,
2001-05-07,364.35,420.0,364.35,367.3,1150,,,
2001-05-08,365.0,385.0,337.95,373.75,355,,,
2001-05-09,403.5,403.5,370.0,388.0,190,,,
2001-05-10,394.9,394.9,380.0,390.0,159,,,
2001-05-11,410.0,419.9,380.1,387.5,45,,,
2001-05-14,414.95,414.95,363.3,379.95,808,,,
2001-05-15,370.0,390.0,370.0,381.35,45,,,
2001-05-16,385.0,385.0,385.0,385.0,1,,,
2001-05-17,390.0,390.0,354.5,370.95,10438,,,
2001-05-18,380.0,386.9,380.0,382.05,30,,,
2001-05-21,385.0,386.9,385.0,386.9,897,,,
2001-05-22,384.5,384.5,384.5,384.5,5,,,
2001-05-23,410.5,410.5,356.1,356.1,82,,,
2001-05-24,358.0,358.0,358.0,358.0,10,,,
2001-05-25,338.1,379.9,338.0,379.9,68,,,
2001-05-28,409.0,409.0,377.0,377.0,10005,,,
2001-05-29,355.0,372.75,346.9,369.95,277,,,
2001-05-30,380.0,380.0,360.0,377.5,35,,,
2001-06-04,358.0,380.0,348.0,348.0,1020,,,
2001-06-05,359.0,360.0,358.0,359.15,205,,,
2001-06-06,352.0,385.0,340.0,355.95,260,,,
2001-06-07,350.0,350.0,350.0,350.0,1,,,
2001-06-08,365.0,367.0,365.0,367.0,6000,,,
2001-06-11,358.0,358.0,357.0,357.0,2000,,,
2001-06-12,350.0,350.0,350.0,350.0,14,,,
2001-06-14,375.0,375.0,323.7,323.7,1155,,,
2001-06-15,326.0,346.8,298.0,333.05,5840,,,
2001-06-19,312.0,338.85,311.05,327.75,71,,,
2001-06-20,338.0,340.0,335.0,335.0,25,,,
2001-06-21,318.0,329.95,312.05,323.2,86,,,
2001-06-22,310.05,330.0,310.0,330.0,36,,,
2001-06-25,305.05,317.0,304.3,317.0,145,,,
2001-06-26,301.55,320.0,296.0,309.0,190,,,
2001-06-27,301.55,301.55,300.0,300.0,120,,,
2001-06-28,315.95,318.0,315.95,318.0,115,,,
2001-06-29,298.0,298.0,298.0,298.0,10,,,
2001-07-02,320.0,320.0,319.2,319.2,10000,,,
2001-07-04,317.0,317.0,316.5,316.5,7985,,,
2001-07-09,292.0,292.0,292.0,292.0,10,,,
2001-07-10,269.75,299.0,269.75,299.0,22,,,
2001-07-11,322.0,322.0,275.1,288.5,264,,,
2001-07-12,271.1,271.1,271.0,271.0,57,,,
2001-07-13,267.0,267.0,267.0,267.0,10,,,
2001-07-16,275.0,275.0,275.0,275.0,18985,,,
2001-07-17,261.0,270.0,260.0,270.0,40,,,
2001-07-18,270.0,275.0,260.0,260.0,2045,,,
2001-07-20,261.0,261.0,245.0,250.0,40,,,
2001-07-23,230.0,260.0,230.0,260.0,41,,,
2001-07-24,260.0,260.0,260.0,260.0,1,,,
2001-07-25,240.0,250.0,239.5,239.5,104,,,
2001-07-26,220.55,221.1,220.5,221.1,214,,,
2001-07-27,238.0,238.0,238.0,238.0,1,,,
2001-07-30,219.45,237.45,219.4,227.0,1206,,,
2001-07-31,220.0,238.7,209.4,220.05,110,,,
2001-08-01,204.0,204.0,202.5,202.5,22,,,
2001-08-02,186.55,186.55,186.4,186.5,17,,,
2001-08-03,199.5,199.5,194.0,195.0,53,,,
2001-08-06,179.5,179.5,179.5,179.5,70,,,
2001-08-07,194.25,209.45,194.0,194.0,200,,,
2001-08-08,209.0,209.0,209.0,209.0,2,,,
2001-08-09,225.0,225.0,201.0,201.0,39,,,
2001-08-10,215.0,215.0,214.95,214.95,7850,,,
2001-08-13,228.0,228.0,200.3,209.05,14,,,
2001-08-14,195.0,195.0,195.0,195.0,1,,,
2001-08-17,219.0,230.0,219.0,219.9,109,,,
2001-08-20,228.0,228.0,227.0,227.0,7850,,,
2001-08-24,209.0,209.0,209.0,209.0,300,,,
2001-08-27,225.0,225.0,200.0,200.0,1202,,,
2001-08-28,213.0,213.0,213.0,213.0,142,,,
2001-08-31,200.0,200.0,200.0,200.0,110,,,
2001-09-05,205.0,205.0,205.0,205.0,1,,,
2001-09-07,211.0,220.0,211.0,220.0,8503,,,
2001-09-10,203.1,203.1,203.1,203.1,200,,,
2001-09-12,196.0,217.9,196.0,217.9,20,,,
2001-09-13,218.0,219.0,201.0,202.1,3173,,,
2001-09-14,186.0,200.0,186.0,186.1,217,,,
2001-09-17,172.25,189.0,172.25,178.5,50,,,
2001-09-18,191.0,191.0,180.0,189.0,86,,,
2001-09-19,204.0,204.0,195.1,204.0,292,,,
2001-09-20,201.0,207.75,190.4,190.4,2735,,,
2001-09-21,176.05,190.0,176.05,190.0,125,,,
2001-09-24,194.7,199.0,194.7,199.0,215,,,
2001-09-26,192.0,192.0,189.0,191.9,90,,,
2001-09-27,191.5,191.5,186.0,186.0,4,,,
2001-09-28,185.0,185.0,179.0,179.0,43,,,
2001-10-01,165.0,168.1,165.0,168.1,2,,,
2001-10-03,175.0,175.0,175.0,175.0,5,,,
2001-10-04,164.1,166.05,164.1,166.05,7,,,
2001-10-05,172.0,179.0,170.0,176.5,14172,,,
2001-10-08,166.0,166.0,166.0,166.0,1,,,
2001-10-11,165.0,165.0,165.0,165.0,9505,,,
2001-10-12,165.0,175.0,165.0,175.0,310,,,
2001-10-15,189.0,189.0,189.0,189.0,25,,,
2001-10-16,181.0,181.0,180.0,180.0,20,,,
2001-10-17,167.0,167.0,166.05,167.0,355,,,
2001-10-19,160.0,160.0,156.0,157.45,50,,,
2001-10-22,166.0,166.0,145.0,145.0,1045,,,
2001-10-23,139.0,139.0,133.5,133.5,536,,,
2001-10-24,144.0,144.0,133.0,139.8,355,,,
2001-10-25,140.0,142.0,135.0,135.5,910,,,
2001-10-29,135.0,135.0,125.0,125.0,500,,,
2001-10-30,129.0,131.8,127.55,129.05,731,,,
2001-10-31,125.1,127.85,123.0,125.75,770,,,
2001-11-01,123.0,128.0,120.25,123.9,540,,,
2001-11-02,139.9,139.9,119.7,126.0,161,,,
2001-11-05,118.25,135.3,115.5,118.8,4510,,,
2001-11-06,133.2,134.45,120.2,134.45,2240,,,
2001-11-07,130.0,145.25,127.1,141.05,456,,,
2001-11-08,153.9,153.9,134.1,148.95,1097,,,
2001-11-09,141.0,141.25,134.25,136.4,1616,,,
2001-11-12,132.15,140.0,125.6,126.5,1952,,,
2001-11-13,125.0,126.0,118.3,125.65,2150,,,
2001-11-14,132.0,132.0,128.0,130.8,350,,,
2001-11-15,138.0,143.0,135.0,138.9,600,,,
2001-11-19,123.25,142.5,123.25,140.4,1186,,,
2001-11-20,128.2,149.85,128.05,145.95,1389,,,
2001-11-21,145.0,145.0,145.0,145.0,382,,,
2001-11-22,136.35,154.0,136.35,138.25,202,,,
2001-11-23,145.0,146.0,137.0,137.2,205,,,
2001-11-26,132.0,144.75,132.0,144.65,3,,,
2001-11-27,145.0,145.0,141.25,141.25,100,,,
2001-11-28,145.0,148.0,143.0,143.1,320,,,
2001-11-29,141.0,142.95,141.0,141.75,80,,,
2001-12-03,144.5,144.5,142.0,142.0,30,,,
2001-12-04,141.5,144.0,140.1,140.1,250,,,
2001-12-05,143.0,143.0,140.25,142.5,470,,,
2001-12-06,137.0,137.0,137.0,137.0,30,,,
2001-12-07,133.25,133.25,133.25,133.25,5,,,
2001-12-10,141.75,141.75,141.75,141.75,35,,,
2001-12-11,135.0,140.9,135.0,138.5,235,,,
2001-12-12,143.7,143.85,139.95,139.95,75,,,
2001-12-13,137.0,145.0,137.0,145.0,78,,,
2001-12-14,133.1,133.1,133.1,133.1,25,,,
2001-12-18,130.0,130.0,130.0,130.0,2,,,
2001-12-19,130.55,134.95,130.55,133.0,265,,,
2001-12-21,118.05,126.5,118.05,124.0,225,,,
2001-12-24,120.5,120.5,120.5,120.5,60,,,
2001-12-26,129.5,129.5,120.0,121.55,245,,,
2001-12-28,123.0,124.0,123.0,124.0,250,,,
2001-12-31,133.0,133.0,133.0,133.0,10,,,
2002-01-01,136.0,136.0,126.0,126.0,120,,,
2002-01-02,129.0,129.0,125.45,127.25,150,,,
2002-01-03,127.0,128.85,122.2,122.2,205,,,
2002-01-04,132.0,132.0,127.0,131.0,151,,,
2002-01-07,132.0,132.0,122.5,122.5,412,,,
2002-01-08,128.85,128.85,114.0,116.0,847,,,
2002-01-09,117.5,117.5,110.0,113.8,1726,,,
2002-01-10,119.9,119.9,110.2,110.75,570,,,
2002-01-11,118.0,118.0,110.1,113.75,420,,,
2002-01-14,114.5,114.5,113.25,114.5,185,,,
2002-01-15,118.85,118.85,110.0,111.1,730,,,
2002-01-16,112.0,112.5,112.0,112.0,177,,,
2002-01-17,112.0,113.95,112.0,113.4,141,,,
2002-01-18,112.05,113.0,107.5,110.05,1114,,,
2002-01-21,110.0,110.0,105.2,105.85,510,,,
2002-01-22,108.1,110.7,105.0,106.05,705,,,
2002-01-23,110.9,112.85,109.25,112.4,549,,,
2002-01-24,112.0,112.95,111.95,111.95,225,,,
2002-01-25,112.95,112.95,110.1,112.6,319,,,
2002-01-28,109.5,109.5,109.0,109.0,225,,,
2002-01-29,112.95,112.95,110.0,111.85,315,,,
2002-01-30,113.0,120.0,112.0,114.7,281,,,
2002-01-31,113.3,116.5,113.0,116.5,150,,,
2002-02-01,116.5,120.0,116.5,118.9,290,,,
2002-02-04,120.0,122.0,119.0,122.0,680,,,
2002-02-05,124.5,131.45,124.0,131.35,372,,,
2002-02-06,136.0,136.0,127.05,130.2,794,,,
2002-02-07,130.0,130.0,125.0,126.5,1475,,,
2002-02-08,127.0,127.45,125.15,126.55,275,,,
2002-02-11,127.0,129.5,125.0,127.3,178,,,
2002-02-12,125.0,125.0,122.0,124.0,127,,,
2002-02-13,127.0,127.0,120.0,121.1,359,,,
2002-02-14,120.0,120.0,115.15,118.1,360,,,
2002-02-15,118.0,118.5,118.0,118.5,120,,,
2002-02-18,123.7,123.75,123.7,123.75,100,,,
2002-02-19,132.85,132.85,122.0,123.3,148,,,
2002-02-20,126.5,129.0,125.0,125.9,420,,,
2002-02-21,124.05,124.1,122.6,122.65,159,,,
2002-02-22,125.0,127.0,125.0,125.0,423,,,
2002-02-25,122.0,123.95,122.0,123.95,58,,,
2002-02-26,123.0,124.9,120.5,124.5,260,,,
2002-02-27,125.0,130.7,123.5,127.25,613,,,
2002-02-28,131.0,131.0,120.15,121.7,429,,,
2002-03-01,125.0,127.3,122.0,122.5,120,,,
2002-03-04,117.75,127.9,115.1,115.3,409,,,
2002-03-05,116.0,120.5,116.0,120.5,63,,,
2002-03-06,122.0,122.0,120.0,120.0,255,,,
2002-03-07,123.0,124.95,118.8,124.6,839,,,
2002-03-08,123.0,125.0,123.0,124.3,625,,,
2002-03-11,124.9,124.9,122.0,124.75,285,,,
2002-03-12,124.9,124.95,123.0,123.65,410,,,
2002-03-13,122.0,122.0,121.6,121.65,115,,,
2002-03-14,121.0,124.5,121.0,121.75,667,,,
2002-03-15,123.5,124.25,122.55,124.25,364,,,
2002-03-18,124.0,128.0,124.0,128.0,958,,,
2002-03-19,127.6,127.6,122.4,124.7,441,,,
2002-03-20,118.0,123.3,118.0,122.45,65,,,
2002-03-21,122.0,122.0,119.05,119.55,30,,,
2002-03-22,118.2,120.0,118.1,118.65,130,,,
2002-03-26,125.8,127.0,121.15,126.6,122,,,
2002-03-27,119.2,120.0,119.0,119.1,79,,,
2002-03-28,118.15,120.0,118.1,118.55,94,,,
2002-04-01,124.0,124.0,120.1,120.1,36,,,
2002-04-02,122.0,122.0,118.1,118.1,70,,,
2002-04-03,116.5,117.5,116.5,117.5,110,,,
2002-04-04,121.85,122.0,119.9,120.35,76,,,
2002-04-05,120.0,122.0,116.5,118.8,525,,,
2002-04-08,121.0,121.95,119.0,120.0,411,,,
2002-04-09,121.0,124.0,116.0,121.1,526,,,
2002-04-10,122.5,122.8,122.5,122.8,20,,,
2002-04-11,129.0,131.0,125.05,129.9,1833,,,
2002-04-12,139.9,142.9,135.05,142.9,977,,,
2002-04-15,143.1,157.2,143.1,157.2,1213,,,
2002-04-16,167.0,172.9,165.0,172.9,2600,,,
2002-04-17,175.1,181.0,171.1,173.0,1816,,,
2002-04-18,171.0,171.0,164.5,164.5,676,,,
2002-04-19,160.0,160.0,156.7,156.8,360,,,
2002-04-22,149.1,149.1,149.0,149.0,110,,,
2002-04-23,145.0,147.5,141.55,143.9,789,,,
2002-04-24,143.0,144.5,136.75,140.5,649,,,
2002-04-25,144.4,145.9,138.0,139.45,870,,,
2002-04-26,142.8,143.0,134.15,135.25,779,,,
2002-04-29,141.9,142.0,135.25,135.55,687,,,
2002-04-30,141.9,141.9,135.55,139.25,189,,,
2002-05-02,133.0,141.5,133.0,135.55,568,,,
2002-05-03,139.9,139.9,135.2,138.3,411,,,
2002-05-06,136.0,142.45,136.0,139.7,212,,,
2002-05-07,143.85,143.85,140.0,141.8,514,,,
2002-05-08,137.05,144.0,137.0,143.05,275,,,
2002-05-09,142.0,144.0,142.0,144.0,78,,,
2002-05-10,143.0,148.0,140.1,144.05,530,,,
2002-05-13,145.1,147.0,143.0,143.1,215,,,
2002-05-14,141.0,146.95,141.0,142.0,303,,,
2002-05-15,135.15,138.5,135.15,136.7,63,,,
2002-05-16,143.0,143.0,132.0,134.85,288,,,
2002-05-20,125.5,142.0,125.1,132.0,913,,,
2002-05-21,120.0,129.75,119.0,119.55,402,,,
2002-05-22,121.0,123.0,119.0,120.7,437,,,
2002-05-23,116.0,118.7,115.0,116.55,185,,,
2002-05-24,125.95,128.0,125.95,128.0,173,,,
2002-05-27,123.0,130.9,123.0,130.7,3,,,
2002-05-28,123.0,128.75,123.0,128.75,2,,,
2002-06-03,129.0,129.0,123.0,125.0,183,,,
2002-06-04,123.65,129.0,123.65,129.0,192,,,
2002-06-05,125.0,125.0,125.0,125.0,25,,,
2002-06-06,136.9,136.9,132.7,133.3,200,,,
2002-06-07,134.75,134.75,134.75,134.75,5,,,
2002-06-10,130.0,130.0,130.0,130.0,30,,,
2002-06-11,135.0,135.0,130.0,132.5,260,,,
2002-06-12,132.9,136.5,132.9,136.5,115,,,
2002-06-13,129.0,131.0,128.5,130.8,210,,,
2002-06-14,128.5,132.0,128.0,128.0,277,,,
2002-06-17,129.0,133.0,129.0,129.35,240,,,
2002-06-18,128.0,130.0,128.0,128.15,280,,,
2002-06-19,125.2,125.65,123.0,124.3,450,,,
2002-06-20,125.0,129.0,125.0,127.3,157,,,
2002-06-21,126.0,129.75,125.0,125.0,210,,,
2002-06-24,125.05,125.05,125.0,125.0,155,,,
2002-06-25,125.0,126.0,123.0,124.95,582,,,
2002-06-26,133.9,133.9,119.15,120.75,326,,,
2002-06-28,126.0,126.0,116.15,120.6,774,,,
2002-07-01,122.1,124.0,122.1,123.15,301,,,
2002-07-02,128.5,128.5,124.0,124.3,222,,,
2002-07-03,127.0,127.0,123.1,125.0,215,,,
2002-07-04,125.25,125.25,125.0,125.1,1150,,,
2002-07-05,125.7,127.95,125.25,127.15,362,,,
2002-07-08,131.0,133.0,126.05,131.65,250,,,
2002-07-09,131.6,139.0,131.6,137.5,502,,,
2002-07-10,139.0,139.0,131.65,134.1,1743,,,
2002-07-11,127.5,131.3,127.5,131.25,450,,,
2002-07-12,134.8,134.8,131.0,131.0,555,,,
2002-07-15,129.0,134.0,128.0,128.6,163,,,
2002-07-16,125.65,125.65,125.5,125.6,63,,,
2002-07-17,120.15,121.1,120.15,121.1,17,,,
2002-07-18,125.6,125.6,125.6,125.6,1,,,
2002-07-19,125.0,133.5,123.5,123.5,85,,,
2002-07-22,122.6,122.6,121.6,121.6,50,,,
2002-07-26,117.8,117.8,115.2,115.6,465,,,
2002-07-29,114.5,114.5,111.0,111.0,385,,,
2002-07-31,110.0,110.0,110.0,110.0,100,,,
2002-08-01,115.0,115.0,110.5,110.5,500,,,
2002-08-05,110.55,110.55,110.55,110.55,25,,,
2002-08-06,112.95,113.0,112.95,112.95,225,,,
2002-08-07,112.0,112.0,109.0,111.0,1109,,,
2002-08-08,116.0,116.0,111.05,111.25,104,,,
2002-08-12,109.95,110.0,109.95,109.95,245,,,
2002-08-13,111.05,111.05,110.0,110.0,180,,,
2002-08-14,112.0,112.0,112.0,112.0,100,,,
2002-08-16,108.5,110.0,108.5,110.0,101,,,
2002-08-19,110.0,110.0,110.0,110.0,50,,,
2002-08-20,111.0,111.0,106.25,108.3,385,,,
2002-08-21,108.0,109.95,106.5,107.1,430,,,
2002-08-22,110.95,111.0,106.05,110.7,206,,,
2002-08-26,106.0,110.0,106.0,110.0,150,,,
2002-08-27,104.0,109.85,104.0,108.4,97,,,
2002-08-28,107.1,107.1,107.0,107.0,74,,,
2002-08-29,107.25,109.0,107.25,109.0,50,,,
2002-08-30,110.0,110.0,110.0,110.0,60,,,
2002-09-02,108.2,108.2,107.0,107.0,150,,,
2002-09-06,105.0,110.0,105.0,110.0,52,,,
2002-09-11,105.0,112.75,105.0,111.8,31,,,
2002-09-12,117.0,117.0,106.35,106.35,53,,,
2002-09-13,107.0,107.0,104.0,104.0,300,,,
2002-09-17,106.05,106.05,106.0,106.0,50,,,
2002-09-19,105.1,108.0,105.1,108.0,85,,,
2002-09-20,109.95,109.95,109.95,109.95,10,,,
2002-09-23,109.0,109.0,109.0,109.0,25,,,
2002-09-24,109.0,109.0,103.05,103.05,105,,,
2002-09-25,113.0,113.0,113.0,113.0,1,,,
2002-09-26,116.0,116.0,105.0,105.0,2,,,
2002-09-27,94.5,112.0,94.5,103.5,351,,,
2002-10-01,99.0,112.9,99.0,112.9,3,,,
2002-10-07,108.95,108.95,108.95,108.95,100,,,
2002-10-08,102.0,102.0,102.0,102.0,100,,,
2002-10-09,103.0,103.5,100.0,101.75,80,,,
2002-10-18,97.0,97.0,97.0,97.0,50,,,
2002-10-25,97.5,97.5,90.5,91.2,150,,,
2002-10-28,90.3,91.0,90.3,91.0,80,,,
2002-10-29,90.0,90.0,90.0,90.0,20,,,
2002-10-30,91.25,91.25,89.95,90.45,220,,,
2002-10-31,90.85,90.85,90.85,90.85,50,,,
2002-11-01,95.5,96.0,91.05,91.05,324,,,
2002-11-05,99.0,99.0,99.0,99.0,10,,,
2002-11-12,90.0,90.0,90.0,90.0,125,,,
2002-11-14,83.0,90.0,83.0,90.0,12,,,
2002-11-21,90.0,97.0,90.0,97.0,65,,,
2002-11-22,95.0,95.0,95.0,95.0,25,,,
2002-11-25,95.0,95.0,90.0,93.7,435,,,
2002-11-26,95.0,95.0,91.0,91.0,238,,,
2002-11-27,91.0,92.5,91.0,92.5,80,,,
2002-11-29,99.0,99.0,92.0,95.0,202,,,
2002-12-02,98.0,104.0,98.0,100.0,296,,,
2002-12-03,98.2,100.0,98.1,99.0,135,,,
2002-12-05,97.05,97.1,97.0,97.05,155,,,
2002-12-09,98.0,98.0,93.6,94.75,220,,,
2002-12-11,102.85,102.85,102.85,102.85,15,,,
2002-12-12,102.6,102.6,94.25,95.85,290,,,
2002-12-16,95.0,101.0,95.0,97.0,206,,,
2002-12-17,95.0,95.0,90.0,90.0,110,,,
2002-12-18,95.0,95.0,93.35,93.35,190,,,
2002-12-19,97.0,99.9,97.0,99.9,112,,,
2002-12-24,95.0,95.0,95.0,95.0,220,,,
2002-12-26,95.0,95.0,93.1,94.05,1410,,,
2002-12-27,95.0,95.0,93.5,93.5,1318,,,
2002-12-30,93.1,93.1,92.5,92.9,360,,,
2002-12-31,93.0,93.0,90.0,91.25,639,,,
2003-01-01,94.25,97.0,94.25,97.0,100,,,
2003-01-02,92.0,92.0,92.0,92.0,100,,,
2003-01-03,93.5,93.5,91.55,91.65,405,,,
2003-01-06,91.0,97.0,91.0,91.0,284,,,
2003-01-07,90.5,90.5,90.5,90.5,90,,,
2003-01-08,94.35,94.35,94.35,94.35,10,,,
2003-01-10,94.25,94.25,91.0,92.7,166,,,
2003-01-13,90.35,90.35,90.0,90.0,100,,,
2003-01-14,88.25,88.25,87.8,88.05,164,,,
2003-01-15,87.5,87.5,87.5,87.5,15,,,
2003-01-16,95.7,95.7,95.7,95.7,5,,,
2003-01-17,92.8,93.25,89.0,92.15,230,,,
2003-01-20,92.0,93.95,90.0,93.95,250,,,
2003-01-21,92.0,92.0,90.15,90.6,150,,,
2003-01-22,90.2,93.95,90.2,93.95,77,,,
2003-01-23,90.15,90.15,89.0,89.8,100,,,
2003-01-24,93.3,94.0,88.5,88.5,105,,,
2003-01-27,88.05,88.05,87.0,87.1,240,,,
2003-01-28,85.1,87.0,85.1,86.45,201,,,
2003-01-29,89.9,89.9,83.0,83.65,646,,,
2003-01-30,84.95,84.95,82.0,82.7,1105,,,
2003-01-31,82.0,82.0,80.0,80.0,997,,,
2003-02-03,80.0,80.0,78.0,78.15,400,,,
2003-02-04,81.0,81.0,75.25,77.0,422,,,
2003-02-05,76.1,76.1,75.0,75.15,220,,,
2003-02-07,75.05,77.0,71.1,72.2,485,,,
2003-02-10,73.95,77.0,70.0,70.0,555,,,
2003-02-11,70.1,72.95,67.05,68.0,231,,,
2003-02-12,66.25,66.25,65.75,65.95,510,,,
2003-02-14,63.8,63.8,63.0,63.05,215,,,
2003-02-17,68.95,68.95,64.0,64.0,51,,,
2003-02-18,69.95,70.0,67.05,70.0,54,,,
2003-02-19,77.0,77.0,69.05,70.95,173,,,
2003-02-20,74.8,74.9,71.0,73.85,208,,,
2003-02-21,73.95,78.5,73.95,78.5,786,,,
2003-02-24,79.9,79.9,79.7,79.75,111,,,
2003-02-25,80.6,80.6,80.6,80.6,14,,,
2003-02-26,80.0,80.6,77.0,80.4,351,,,
2003-02-27,81.0,83.5,80.3,81.9,230,,,
2003-02-28,81.0,84.65,80.5,80.85,236,,,
2003-03-03,82.95,82.95,79.1,80.1,202,,,
2003-03-04,83.45,83.45,81.2,81.2,206,,,
2003-03-05,82.5,82.6,82.5,82.6,100,,,
2003-03-06,83.0,83.0,81.15,81.15,100,,,
2003-03-07,82.0,82.0,82.0,82.0,96,,,
2003-03-11,76.65,76.65,75.1,75.1,150,,,
2003-03-12,80.0,80.0,80.0,80.0,250,,,
2003-03-19,73.35,80.0,73.35,75.1,156,,,
2003-03-20,82.55,82.55,79.0,80.0,115,,,
2003-03-24,74.0,81.0,74.0,81.0,20000,,,
2003-03-25,75.25,81.5,75.25,81.5,20000,,,
2003-03-27,81.05,83.8,81.05,82.2,119,,,
2003-03-28,80.15,83.7,80.15,83.0,40061,,,
2003-03-31,80.15,80.15,77.55,80.0,105,,,
2003-04-03,80.0,80.0,80.0,80.0,50,,,
2003-04-08,81.0,84.0,81.0,84.0,575,,,
2003-04-10,78.05,85.55,78.05,85.55,55,,,
2003-04-11,80.0,83.8,80.0,83.8,2,,,
2003-04-16,77.0,83.7,76.0,78.0,501,,,
2003-04-17,82.5,82.5,75.55,75.55,106,,,
2003-04-21,75.0,75.0,75.0,75.0,54,,,
2003-04-23,77.05,77.05,77.05,77.05,25,,,
2003-04-24,76.0,76.0,76.0,76.0,6,,,
2003-04-25,76.0,76.0,74.15,76.0,604,,,
2003-04-28,80.0,81.9,80.0,80.85,66,,,
2003-04-29,80.0,80.0,75.3,76.1,51,,,
2003-04-30,75.5,75.5,75.0,75.0,124,,,
2003-05-02,72.05,74.0,72.05,74.0,6,,,
2003-05-05,79.75,80.0,79.75,80.0,155,,,
2003-05-06,86.95,86.95,75.25,82.3,107,,,
2003-05-07,82.95,82.95,80.2,80.2,251,,,
2003-05-08,79.2,79.2,79.2,79.2,95,,,
2003-05-09,77.65,77.65,77.6,77.6,130,,,
2003-05-15,82.0,82.0,82.0,82.0,25,,,
2003-05-16,81.05,83.45,81.05,82.4,890,,,
2003-05-19,85.95,87.0,83.0,83.0,324,,,
2003-05-20,85.7,85.7,84.0,84.0,10,,,
2003-05-21,82.0,85.5,80.25,83.15,230,,,
2003-05-22,86.75,89.4,85.9,88.35,203,,,
2003-05-23,80.1,87.0,80.1,87.0,293,,,
2003-05-26,87.0,93.95,87.0,93.5,400,,,
2003-05-27,99.0,99.0,92.0,94.2,320,,,
2003-05-28,92.1,94.0,92.1,94.0,70,,,
2003-05-29,99.0,99.0,91.0,91.35,310,,,
2003-06-02,86.85,90.0,86.8,89.95,175,,,
2003-06-03,88.0,88.0,87.15,87.3,110,,,
2003-06-04,89.1,89.1,89.1,89.1,50,,,
2003-06-05,92.0,92.0,90.05,91.1,147,,,
2003-06-06,93.9,94.0,90.0,90.0,86,,,
2003-06-11,87.5,90.0,87.5,88.0,266,,,
2003-06-12,87.1,87.1,87.1,87.1,65,,,
2003-06-16,90.15,90.15,88.0,88.0,250,,,
2003-06-18,96.7,96.8,95.5,96.8,775,,,
2003-06-19,106.5,106.5,99.0,100.25,1383,,,
2003-06-20,101.95,101.95,96.7,98.6,1849,,,
2003-06-23,104.1,104.1,97.5,97.6,409,,,
2003-06-24,100.9,100.9,96.0,97.75,497,,,
2003-06-25,99.0,107.55,95.15,107.55,1496,,,
2003-06-26,110.0,110.0,104.0,105.5,2349,,,
2003-06-27,105.25,111.0,105.25,107.75,1500,,,
2003-06-30,109.1,118.55,107.0,116.75,2932,,,
2003-07-01,107.2,128.0,107.2,123.35,2803,,,
2003-07-02,126.0,129.5,126.0,127.15,2844,,,
2003-07-03,128.05,131.5,124.05,126.05,2217,,,
2003-07-04,121.55,121.55,119.85,119.95,457,,,
2003-07-07,114.55,125.95,114.55,118.0,510,,,
2003-07-08,119.95,120.0,114.0,115.35,915,,,
2003-07-09,110.55,119.8,110.55,112.05,71,,,
2003-07-10,110.0,115.0,106.55,107.5,712,,,
2003-07-11,109.0,109.0,105.25,108.0,1502,,,
2003-07-14,98.55,112.0,98.55,105.5,799,,,
2003-07-15,95.55,113.85,95.55,103.05,613,,,
2003-07-16,101.0,106.0,101.0,103.6,1199,,,
2003-07-17,110.0,110.0,101.0,101.25,454,,,
2003-07-18,100.0,100.0,94.15,95.4,2271,,,
2003-07-21,95.0,95.5,93.5,93.5,223,,,
2003-07-22,98.0,98.0,93.6,93.6,16,,,
2003-07-23,94.75,97.9,94.05,97.9,21,,,
2003-07-24,96.8,99.0,95.0,97.95,126,,,
2003-07-25,104.3,104.3,96.0,97.8,212,,,
2003-07-28,95.5,107.0,90.35,105.85,2334,,,
2003-07-29,108.0,113.7,108.0,112.1,1491,,,
2003-07-30,113.95,114.0,103.35,106.8,1247,,,
2003-07-31,106.0,108.0,105.0,106.35,1096,,,
2003-08-01,105.0,108.0,105.0,106.0,750,,,
2003-08-04,105.3,106.95,100.65,102.9,1466,,,
2003-08-05,109.0,109.0,100.1,101.0,573,,,
2003-08-06,106.0,106.0,100.55,102.6,128,,,
2003-08-07,102.0,107.0,102.0,107.0,392,,,
2003-08-08,102.05,106.5,102.05,104.8,640,,,
2003-08-11,106.0,106.0,106.0,106.0,100,,,
2003-08-12,105.0,105.0,101.2,104.95,739,,,
2003-08-13,107.0,114.8,101.65,106.6,941,,,
2003-08-14,114.75,114.75,102.0,102.8,412,,,
2003-08-18,101.4,103.65,98.15,100.1,2262,,,
2003-08-19,99.0,99.0,99.0,99.0,200,,,
2003-08-20,97.1,97.2,97.0,97.1,188,,,
2003-08-21,98.1,101.0,98.1,99.9,455,,,
2003-08-22,100.0,102.7,100.0,102.7,252,,,
2003-08-25,98.0,98.0,97.0,98.0,323,,,
2003-08-26,99.0,101.7,99.0,101.7,450,,,
2003-08-27,99.5,104.0,99.5,102.9,730,,,
2003-08-28,102.55,106.0,102.55,104.0,1160,,,
2003-08-29,111.5,112.0,106.1,109.65,3350,,,
2003-09-01,120.5,120.65,120.0,120.65,1835,,,
2003-09-02,126.0,126.65,118.0,119.1,7086,,,
2003-09-03,114.0,124.9,114.0,117.55,940,,,
2003-09-04,122.0,122.0,115.25,117.0,852,,,
2003-09-05,118.85,119.25,114.5,114.7,1041,,,
2003-09-08,120.0,120.45,110.0,120.45,5479,,,
2003-09-09,123.0,125.4,115.0,116.5,4183,,,
2003-09-10,112.0,118.0,112.0,115.9,1391,,,
2003-09-11,119.0,119.75,115.1,118.75,585,,,
2003-09-12,122.0,123.0,110.3,112.6,2514,,,
2003-09-15,108.2,109.25,108.2,109.15,251,,,
2003-09-16,102.0,107.2,102.0,106.25,695,,,
2003-09-17,111.85,112.0,106.0,106.4,950,,,
2003-09-18,109.75,109.75,100.0,101.15,386,,,
2003-09-19,107.5,107.5,100.1,101.6,2348,,,
2003-09-22,109.5,109.75,105.2,106.7,1543,,,
2003-09-23,108.0,110.0,100.5,109.1,947,,,
2003-09-24,109.95,113.6,109.0,110.0,851,,,
2003-09-25,109.9,112.9,105.05,110.8,992,,,
2003-09-26,119.0,119.0,105.75,112.25,425,,,
2003-09-29,110.0,116.0,110.0,111.45,985,,,
2003-09-30,108.55,113.95,108.55,111.5,179,,,
2003-10-01,111.6,115.0,111.6,114.0,194,,,
2003-10-03,110.2,116.0,110.2,114.85,1101,,,
2003-10-06,112.25,114.8,108.05,109.75,1849,,,
2003-10-07,112.85,117.9,112.5,114.8,1473,,,
2003-10-08,109.1,113.0,109.1,111.25,381,,,
2003-10-09,115.0,118.9,114.0,118.9,1995,,,
2003-10-10,110.3,116.95,110.3,114.7,1050,,,
2003-10-13,111.0,119.0,111.0,115.0,1079,,,
2003-10-14,116.8,120.0,115.2,116.65,2564,,,
2003-10-15,119.1,119.1,114.0,114.0,775,,,
2003-10-16,115.0,119.45,113.25,114.5,734,,,
2003-10-17,116.95,119.8,116.95,118.05,1000,,,
2003-10-20,113.0,117.85,113.0,116.2,786,,,
2003-10-21,113.2,116.75,106.2,108.85,1570,,,
2003-10-22,108.35,111.4,108.0,109.0,480,,,
2003-10-23,109.85,109.85,107.0,107.0,102,,,
2003-10-24,104.1,112.35,104.1,108.4,635,,,
2003-10-25,116.9,116.9,114.0,115.0,200,,,
2003-10-27,109.0,109.25,109.0,109.05,195,,,
2003-10-28,110.0,110.0,105.0,108.55,1000,,,
2003-10-30,109.0,110.0,108.0,108.0,909,,,
2003-10-31,110.0,114.0,108.0,113.55,733,,,
2003-11-03,114.0,114.5,110.0,111.1,800,,,
2003-11-04,105.1,112.0,105.1,111.85,400,,,
2003-11-05,113.25,113.25,108.05,108.05,542,,,
2003-11-06,112.9,112.9,108.0,108.5,335,,,
2003-11-07,109.25,111.45,109.25,110.05,450,,,
2003-11-10,112.0,118.75,112.0,116.65,585,,,
2003-11-11,119.0,125.0,115.0,121.1,3565,,,
2003-11-12,122.8,125.75,119.15,120.2,12484,,,
2003-11-13,122.9,123.25,117.4,119.2,3857,,,
2003-11-14,119.0,119.0,116.45,116.8,948,,,
2003-11-15,122.95,123.0,117.5,120.4,1000,,,
2003-11-17,123.25,123.25,118.5,121.0,1175,,,
2003-11-18,122.95,123.25,118.5,119.5,2472,,,
2003-11-19,121.0,121.0,118.05,120.0,750,,,
2003-11-20,120.0,120.0,115.0,116.05,1750,,,
2003-11-21,113.1,114.0,110.0,113.35,1865,,,
2003-11-24,118.0,119.5,117.0,119.15,1104,,,
2003-11-25,120.0,121.7,120.0,121.0,337,,,
2003-11-27,123.0,127.9,122.95,126.4,3201,,,
2003-11-28,127.05,137.0,127.05,135.0,6973,,,
2003-12-01,140.05,148.5,140.0,148.5,4861,,,
2003-12-02,153.0,155.95,149.0,155.95,8609,,,
2003-12-03,160.0,163.75,153.0,154.45,16173,,,
2003-12-04,154.0,160.0,152.5,153.55,6553,,,
2003-12-05,155.0,158.9,150.0,150.0,6169,,,
2003-12-08,153.9,157.5,153.15,155.1,1563,,,
2003-12-09,161.5,161.5,154.0,155.0,8032,,,
2003-12-10,158.0,158.95,152.0,152.45,2546,,,
2003-12-11,154.0,157.9,153.0,154.25,4097,,,
2003-12-12,154.7,168.0,153.45,164.5,4821,,,
2003-12-15,168.5,179.75,168.0,170.15,9728,,,
2003-12-16,171.0,175.0,166.0,168.65,10543,,,
2003-12-17,170.0,173.0,168.7,169.95,5410,,,
2003-12-18,162.0,175.9,162.0,170.5,6342,,,
2003-12-19,170.55,187.55,170.55,178.5,19258,,,
2003-12-22,183.0,187.35,180.0,184.0,25805,,,
2003-12-23,188.0,200.0,183.0,186.65,41246,,,
2003-12-24,193.7,193.85,183.1,187.55,7244,,,
2003-12-26,190.05,191.7,184.25,187.05,5813,,,
2003-12-29,197.0,197.0,186.15,186.7,5915,,,
2003-12-30,191.0,191.0,177.0,180.25,6409,,,
2003-12-31,177.5,180.0,172.0,174.15,4606,,,
2004-01-01,185.0,185.0,175.0,176.15,4464,,,
2004-01-02,174.0,178.75,174.0,176.65,5460,,,
2004-01-05,181.0,181.0,168.25,170.8,2726,,,
2004-01-06,170.05,170.05,160.1,162.05,3450,,,
2004-01-07,164.1,164.1,156.0,157.15,4092,,,
2004-01-08,156.0,164.0,156.0,157.1,4488,,,
2004-01-09,161.25,168.0,159.15,160.65,6037,,,
2004-01-12,160.1,160.1,155.0,155.65,1083,,,
2004-01-13,156.0,156.0,153.0,155.35,1949,,,
2004-01-14,156.1,160.95,156.0,158.25,1865,,,
2004-01-15,161.8,161.8,156.0,156.35,1199,,,
2004-01-16,154.0,154.0,148.0,148.95,5645,,,
2004-01-19,144.05,148.0,144.0,147.9,701,,,
2004-01-20,150.5,151.0,144.1,144.7,3424,,,
2004-01-21,138.2,138.2,125.0,130.4,2552,,,
2004-01-22,129.0,131.6,117.3,125.25,3133,,,
2004-01-23,125.0,130.0,120.1,124.8,6046,,,
2004-01-27,145.0,145.0,130.0,139.15,3301,,,
2004-01-28,140.0,140.0,128.3,130.45,3090,,,
2004-01-29,128.0,132.8,128.0,132.2,3485,,,
2004-01-30,128.5,131.2,128.0,128.2,942,,,
2004-02-03,125.0,127.3,117.25,117.75,1824,,,
2004-02-04,123.0,129.5,117.0,122.9,4151,,,
2004-02-05,121.15,128.9,120.0,123.8,2117,,,
2004-02-06,118.05,124.0,118.05,121.75,1601,,,
2004-02-09,125.0,130.0,122.5,125.95,2176,,,
2004-02-10,121.0,128.7,121.0,127.75,2355,,,
2004-02-11,125.0,128.0,123.5,125.0,851,,,
2004-02-12,127.5,127.5,117.6,125.45,3272,,,
2004-02-13,127.95,138.95,127.0,137.25,5351,,,
2004-02-16,140.0,143.8,138.0,138.3,4319,,,
2004-02-17,129.9,141.6,129.9,137.6,1448,,,
2004-02-18,139.0,141.95,138.5,139.0,3483,,,
2004-02-19,138.0,138.0,130.0,131.3,2512,,,
2004-02-20,125.0,131.0,125.0,129.0,1196,,,
2004-02-23,130.0,132.95,126.0,126.75,2851,,,
2004-02-24,127.0,128.0,125.0,126.5,2622,,,
2004-02-25,125.0,129.55,123.55,124.7,2208,,,
2004-02-26,128.2,129.0,124.2,125.35,1662,,,
2004-02-27,123.05,125.9,123.05,123.95,349,,,
2004-03-01,126.0,126.0,122.0,122.4,1098,,,
2004-03-03,124.0,124.0,122.1,122.45,1089,,,
2004-03-04,123.0,123.5,117.0,119.55,1427,,,
2004-03-05,119.0,123.0,117.6,120.55,1503,,,
2004-03-08,124.0,124.0,119.05,119.6,1175,,,
2004-03-09,120.6,120.6,118.0,118.0,330,,,
2004-03-10,123.95,123.95,119.7,121.55,266,,,
2004-03-11,122.0,123.0,117.6,118.35,580,,,
2004-03-12,115.0,121.0,115.0,120.0,335,,,
2004-03-15,118.5,118.5,115.1,115.1,1066,,,
2004-03-16,111.5,113.05,108.1,109.15,1097,,,
2004-03-17,107.0,111.0,106.45,107.2,431,,,
2004-03-18,110.0,110.0,105.5,107.75,680,,,
2004-03-19,108.0,111.8,106.1,108.0,484,,,
2004-03-22,104.0,104.0,100.1,100.2,1176,,,
2004-03-23,102.0,102.0,97.0,98.85,3212,,,
2004-03-24,100.0,102.0,97.55,99.2,918,,,
2004-03-25,100.5,102.85,100.5,101.4,980,,,
2004-03-26,105.5,107.25,103.0,104.95,803,,,
2004-03-29,103.5,106.75,103.5,106.55,945,,,
2004-03-30,110.0,112.0,106.1,107.25,2027,,,
2004-03-31,106.2,107.0,105.0,106.05,2271,,,
2004-04-01,107.0,114.0,107.0,110.8,9371,,,
2004-04-02,113.55,113.95,108.95,109.25,10192,,,
2004-04-05,112.0,114.85,109.0,111.15,17168,,,
2004-04-06,119.75,119.75,107.0,107.3,14185,,,
2004-04-07,108.0,109.0,107.4,107.75,601,,,
2004-04-08,107.0,109.45,107.0,109.0,2545,,,
2004-04-12,119.9,119.9,119.9,119.9,24783,,,
2004-04-13,131.4,131.9,127.35,131.9,39987,,,
2004-04-15,139.8,145.1,135.1,145.1,38006,,,
2004-04-16,155.0,157.75,147.9,151.45,41484,,,
2004-04-17,155.0,159.7,146.1,150.85,10611,,,
2004-04-19,153.6,153.6,143.4,143.9,9769,,,
2004-04-20,140.25,148.0,140.25,146.05,5534,,,
2004-04-21,146.95,148.9,145.0,146.6,5068,,,
2004-04-22,146.0,153.9,146.0,153.6,10076,,,
2004-04-23,160.0,161.3,156.3,159.15,19338,,,
2004-04-27,157.5,157.5,152.0,152.6,11442,,,
2004-04-28,156.7,160.25,155.5,160.25,11054,,,
2004-04-29,166.7,168.3,165.35,168.05,13395,,,
2004-04-30,174.4,176.45,174.05,176.45,26750,,,
2004-05-03,185.3,185.3,185.3,185.3,786,,,
2004-05-04,194.6,194.6,194.6,194.6,635,,,
2004-05-05,204.35,204.35,204.35,204.35,1793,,,
2004-05-06,214.6,214.6,198.35,202.65,53335,,,
2004-05-07,208.0,212.6,196.0,198.45,21736,,,
2004-05-10,205.0,238.15,200.0,238.15,60448,,,
2004-05-11,243.95,278.0,240.0,257.45,203119,,,
2004-05-12,256.0,282.95,255.0,262.0,121790,,,
2004-05-13,250.0,259.75,220.0,249.75,48577,,,
2004-05-14,260.0,260.0,208.0,229.65,42154,,,
2004-05-17,223.0,223.0,184.0,196.45,20428,,,
2004-05-18,210.0,232.0,204.0,228.65,22204,,,
2004-05-19,250.0,257.0,231.0,239.45,16006,,,
2004-05-20,265.0,272.0,230.0,232.95,15959,,,
2004-05-21,230.0,233.0,222.1,230.7,9705,,,
2004-05-24,233.0,242.85,230.0,234.15,11025,,,
2004-05-25,225.0,234.6,225.0,231.45,7169,,,
2004-05-26,233.35,240.0,225.0,227.4,8488,,,
2004-05-27,232.0,232.0,224.2,225.9,3604,,,
2004-05-28,228.0,230.85,212.4,214.95,7490,,,
2004-05-31,206.0,216.0,200.0,204.15,7339,,,
2004-06-01,208.0,212.95,206.0,208.95,5173,,,
2004-06-02,223.2,245.5,220.0,237.35,30406,,,
2004-06-03,250.0,250.0,220.15,222.25,21058,,,
2004-06-04,234.45,234.45,216.25,223.4,11572,,,
2004-06-07,232.0,232.0,224.05,225.25,8489,,,
2004-06-08,220.0,225.9,220.0,221.6,4102,,,
2004-06-09,224.7,225.0,221.2,224.3,3511,,,
2004-06-10,222.9,222.9,217.0,219.55,5744,,,
2004-06-11,219.0,221.15,216.65,218.35,5302,,,
2004-06-14,220.0,222.0,210.0,215.4,6302,,,
2004-06-15,218.8,218.95,213.95,215.95,6117,,,
2004-06-16,217.0,228.75,216.05,216.95,9061,,,
2004-06-17,219.0,221.0,212.2,215.65,17075,,,
2004-06-18,222.85,236.0,222.0,225.7,67570,,,
2004-06-21,227.4,230.3,220.0,223.75,19702,,,
2004-06-22,226.5,226.5,217.0,218.25,9246,,,
2004-06-23,217.55,220.5,216.1,218.65,9115,,,
2004-06-24,219.0,222.0,218.0,221.05,4681,,,
2004-06-25,222.0,224.0,220.5,221.85,5917,,,
2004-06-28,230.0,230.0,223.0,224.85,9509,,,
2004-06-29,224.5,225.05,221.6,222.7,5058,,,
2004-06-30,228.7,229.0,218.55,219.85,7593,,,
2004-07-01,221.0,223.95,219.05,222.75,4999,,,
2004-07-02,222.0,224.05,219.5,220.0,8139,,,
2004-07-05,220.15,221.45,217.0,218.1,5372,,,
2004-07-06,218.0,221.0,216.8,217.65,8209,,,
2004-07-07,217.05,219.95,216.0,216.9,8343,,,
2004-07-08,217.3,223.9,216.55,217.35,10794,,,
2004-07-09,219.9,220.0,211.05,219.0,6248,,,
2004-07-12,220.5,224.0,220.0,221.7,7005,,,
2004-07-13,223.9,249.0,221.0,243.95,55185,,,
2004-07-14,248.4,259.5,248.4,252.95,50813,,,
2004-07-15,257.7,261.0,225.9,235.85,82796,,,
2004-07-16,246.9,246.9,240.1,244.25,26199,,,
2004-07-19,248.0,248.8,236.15,237.35,25169,,,
2004-07-20,239.0,241.95,233.1,236.95,38797,,,
2004-07-21,34.4,39.0,33.0,37.95,371133,,,
2004-07-22,38.5,44.4,38.5,42.6,473096,,,
2004-07-23,43.6,44.8,42.05,42.3,202029,,,
2004-07-26,41.65,43.0,41.5,41.65,75074,,,
2004-07-27,41.85,43.9,39.5,42.9,183471,,,
2004-07-28,43.5,44.3,42.1,43.95,124259,,,
2004-07-29,42.5,43.0,40.5,41.2,53796,,,
2004-07-30,40.1,41.55,37.6,38.1,96551,,,
2004-08-02,38.05,39.6,38.05,38.3,62091,,,
2004-08-03,38.5,39.5,38.05,38.2,34375,,,
2004-08-04,38.2,38.3,37.0,37.55,32525,,,
2004-08-05,44.9,44.9,37.4,37.65,18921,,,
2004-08-06,37.85,38.25,37.4,37.65,22425,,,
2004-08-09,38.5,38.5,34.5,36.3,30542,,,
2004-08-10,36.9,36.9,35.6,36.05,17381,,,
2004-08-11,36.3,36.3,35.0,35.05,19234,,,
2004-08-12,35.5,35.5,34.0,34.35,17218,,,
2004-08-13,34.0,36.45,33.95,35.15,29161,,,
2004-08-16,35.1,35.1,34.25,34.6,10690,,,
2004-08-17,35.5,36.4,34.75,35.45,25166,,,
2004-08-18,35.5,36.0,34.5,35.2,11845,,,
2004-08-19,35.25,35.95,34.5,34.7,17822,,,
2004-08-20,35.4,35.4,33.8,34.55,26859,,,
2004-08-23,35.05,35.05,34.3,34.45,5095,,,
2004-08-24,34.85,34.95,33.65,33.9,21568,,,
2004-08-25,33.25,34.15,33.25,33.85,8886,,,
2004-08-26,34.15,34.15,33.65,33.85,11795,,,
2004-08-27,33.95,34.0,33.5,33.7,6411,,,
2004-08-30,34.0,34.25,33.65,33.8,25703,,,
2004-08-31,34.05,34.5,33.7,34.1,23589,,,
2004-09-01,34.55,35.5,34.0,34.8,39938,,,
2004-09-02,35.4,35.5,34.2,34.35,22297,,,
2004-09-03,35.0,35.0,33.9,34.05,37233,,,
2004-09-06,34.55,34.6,33.5,33.55,23491,,,
2004-09-07,34.4,34.45,33.8,34.0,9143,,,
2004-09-08,34.6,34.75,34.1,34.25,17820,,,
2004-09-09,34.55,34.7,31.0,31.6,108995,,,
2004-09-10,31.1,32.75,31.1,31.7,137630,,,
2004-09-13,31.6,32.25,31.3,31.55,75886,,,
2004-09-14,31.55,31.85,30.6,30.7,61760,,,
2004-09-15,30.85,31.1,30.4,30.55,50206,,,
2004-09-16,30.85,31.0,30.25,30.85,44679,,,
2004-09-17,31.1,32.0,31.0,31.1,87372,,,
2004-09-20,31.75,32.6,31.4,31.75,80347,,,
2004-09-21,32.1,32.35,31.8,31.95,64192,,,
2004-09-22,32.0,32.2,31.5,31.55,39672,,,
2004-09-23,31.95,36.15,31.35,35.35,482486,,,
2004-09-24,36.0,36.5,34.25,35.2,493350,,,
2004-09-27,35.25,38.3,35.15,37.8,506644,,,
2004-09-28,38.5,40.1,37.55,37.9,421678,,,
2004-09-29,38.25,38.4,36.2,36.8,135793,,,
2004-09-30,37.4,38.75,36.4,37.6,226409,,,
2004-10-01,38.0,38.25,36.6,36.8,124969,,,
2004-10-04,37.15,37.45,36.5,36.55,88688,,,
2004-10-05,36.85,37.35,36.6,37.05,101679,,,
2004-10-06,36.65,37.0,35.35,35.55,94860,,,
2004-10-07,35.9,36.5,35.15,35.35,67393,,,
2004-10-08,35.65,36.5,35.1,35.55,74713,,,
2004-10-09,35.9,38.5,35.3,38.05,185824,,,
2004-10-11,38.1,39.4,37.5,37.8,280384,,,
2004-10-12,38.0,38.0,36.5,36.8,76491,,,
2004-10-14,37.1,37.1,35.65,36.2,120934,,,
2004-10-15,36.5,37.7,36.0,36.0,59198,,,
2004-10-18,38.0,38.4,35.9,36.1,61353,,,
2004-10-19,36.0,36.0,35.1,35.45,67828,,,
2004-10-20,35.95,36.0,34.75,34.95,64545,,,
2004-10-21,35.0,35.5,34.65,34.75,34153,,,
2004-10-25,35.0,35.0,32.35,33.25,75471,,,
2004-10-26,33.5,34.0,33.2,33.4,34795,,,
2004-10-27,33.5,35.55,33.5,35.0,147462,,,
2004-10-28,35.0,36.0,35.0,35.15,65323,,,
2004-10-29,35.75,36.75,35.3,35.85,74396,,,
2004-11-01,36.0,36.0,34.05,34.9,55070,,,
2004-11-02,35.2,40.0,35.0,38.55,594071,,,
2004-11-03,39.05,44.0,38.95,41.5,1104106,,,
2004-11-04,42.2,42.9,41.0,41.2,493310,,,
2004-11-05,41.5,41.5,39.5,39.9,183804,,,
2004-11-08,40.0,41.0,38.3,39.9,151985,,,
2004-11-09,40.45,40.8,38.35,38.75,87645,,,
2004-11-10,39.45,39.9,38.6,38.9,70408,,,
2004-11-11,39.65,39.65,38.0,38.2,63199,,,
2004-11-12,38.1,38.85,38.1,38.6,12004,,,
2004-11-16,38.8,38.85,38.1,38.25,34112,,,
2004-11-17,38.25,41.0,38.25,39.7,176136,,,
2004-11-18,39.95,41.25,39.5,39.65,144879,,,
2004-11-19,41.45,41.45,38.25,38.55,74816,,,
2004-11-22,38.35,39.1,37.3,38.45,47044,,,
2004-11-23,39.7,40.0,39.05,39.35,68580,,,
2004-11-24,39.85,40.4,39.2,39.35,117667,,,
2004-11-25,40.0,40.45,38.5,38.65,241073,,,
2004-11-29,39.35,39.5,38.5,38.7,65931,,,
2004-11-30,39.0,39.65,37.5,37.75,65083,,,
2004-12-01,38.75,38.75,36.3,37.25,54498,,,
2004-12-02,37.95,38.25,37.15,37.25,61930,,,
2004-12-03,37.5,38.35,37.0,37.15,48538,,,
2004-12-06,37.2,38.2,37.0,37.2,43841,,,
2004-12-07,37.25,37.95,36.75,36.9,61286,,,
2004-12-08,37.0,37.85,36.6,36.8,45712,,,
2004-12-09,37.1,37.4,36.5,36.55,33022,,,
2004-12-10,37.5,39.5,37.0,38.6,218215,,,
2004-12-13,39.35,40.5,39.1,40.2,246120,,,
2004-12-14,41.2,42.1,40.5,40.85,220418,,,
2004-12-15,41.7,41.95,39.8,40.05,133428,,,
2004-12-16,40.35,40.4,38.8,39.15,70106,,,
2004-12-17,39.65,40.1,38.5,38.75,76967,,,
2004-12-20,39.5,39.5,38.0,38.6,86720,,,
2004-12-21,39.5,41.9,39.0,40.35,256998,,,
2004-12-22,40.0,40.7,38.5,39.0,162807,,,
2004-12-23,39.9,40.5,39.0,39.5,82133,,,
2004-12-24,41.9,41.9,39.65,40.45,161754,,,
2004-12-27,40.0,40.8,39.55,39.8,68667,,,
2004-12-28,40.35,40.5,39.4,39.6,84226,,,
2004-12-29,40.0,40.5,38.8,39.05,70079,,,
2004-12-30,39.05,40.0,38.1,38.5,57640,,,
2004-12-31,39.45,40.4,38.5,38.85,101155,,,
2005-01-03,41.0,41.0,39.65,39.95,75493,,,
2005-01-04,40.4,40.75,39.65,40.05,67104,,,
2005-01-05,39.1,40.9,37.0,38.55,96823,,,
2005-01-06,38.0,38.0,36.25,37.1,66418,,,
2005-01-07,38.45,38.5,37.1,38.05,60038,,,
2005-01-10,38.8,39.45,37.15,37.95,64009,,,
2005-01-11,38.55,38.6,36.15,36.5,47434,,,
2005-01-12,37.0,37.05,34.0,34.25,62322,,,
2005-01-13,35.45,36.0,34.5,35.25,44589,,,
2005-01-14,34.7,35.75,34.7,34.85,25975,,,
2005-01-17,34.1,34.9,33.4,33.9,32303,,,
2005-01-18,35.4,35.4,33.6,34.5,21707,,,
2005-01-19,34.6,34.7,33.6,33.75,24088,,,
2005-01-20,33.8,34.2,33.0,33.2,33713,,,
2005-01-24,33.0,33.6,32.5,32.9,18643,,,
2005-01-25,32.9,34.0,32.65,32.85,25490,,,
2005-01-27,33.4,33.9,32.5,32.65,70628,,,
2005-01-28,32.9,33.4,32.55,32.7,87139,,,
2005-01-31,33.2,36.0,33.15,35.45,128701,,,
2005-02-01,35.85,35.85,34.25,34.75,45710,,,
2005-02-02,34.8,35.0,33.9,34.0,34120,,,
2005-02-03,34.0,34.6,33.7,34.1,23260,,,
2005-02-04,34.0,34.5,33.5,33.85,30147,,,
2005-02-07,33.9,34.2,33.6,33.8,29806,,,
2005-02-08,34.2,34.25,33.5,33.75,23894,,,
2005-02-09,33.95,34.9,33.85,34.45,61518,,,
2005-02-10,35.0,36.3,34.4,34.8,127423,,,
2005-02-11,36.9,36.9,34.5,34.65,42483,,,
2005-02-14,34.95,35.0,34.05,34.4,26763,,,
2005-02-15,34.15,34.75,33.15,33.45,29081,,,
2005-02-16,34.15,34.15,32.9,33.05,28821,,,
2005-02-17,33.2,33.35,32.55,32.9,18086,,,
2005-02-18,33.6,33.6,32.5,32.65,31930,,,
2005-02-21,33.95,34.0,32.2,32.6,24337,,,
2005-02-22,32.8,32.8,32.05,32.4,24247,,,
2005-02-23,32.5,32.7,32.05,32.2,16446,,,
2005-02-24,32.75,32.85,32.15,32.4,23563,,,
2005-02-25,32.5,32.6,31.55,31.7,25000,,,
2005-02-28,35.0,35.0,31.55,31.65,19239,,,
2005-03-01,32.3,32.3,31.5,31.65,28032,,,
2005-03-02,32.25,32.3,31.25,31.5,19384,,,
2005-03-03,32.3,32.3,31.0,31.7,63819,,,
2005-03-04,31.65,32.9,31.6,32.05,54222,,,
2005-03-07,32.25,32.5,31.7,31.85,28437,,,
2005-03-08,31.5,32.3,31.4,31.5,26411,,,
2005-03-09,32.0,32.05,31.0,31.6,21803,,,
2005-03-10,31.9,31.95,31.3,31.4,17360,,,
2005-03-11,31.6,36.15,31.6,33.55,361414,,,
2005-03-14,35.0,35.0,32.5,32.65,78436,,,
2005-03-15,33.0,33.25,31.65,31.8,34197,,,
2005-03-16,32.9,32.9,31.8,31.85,15235,,,
2005-03-17,32.2,32.2,31.5,31.9,41979,,,
2005-03-18,31.9,32.0,30.75,31.2,32271,,,
2005-03-21,31.5,31.95,30.55,31.1,16416,,,
2005-03-22,31.0,31.5,30.05,30.2,23600,,,
2005-03-23,30.0,31.2,29.5,29.65,27508,,,
2005-03-24,30.0,30.0,27.2,27.7,73082,,,
2005-03-28,28.0,28.75,27.25,28.5,27246,,,
2005-03-29,28.5,28.5,27.0,27.1,35057,,,
2005-03-30,27.3,28.0,26.55,27.6,20298,,,
2005-03-31,28.1,29.2,28.0,28.7,33210,,,
2005-04-01,28.8,29.9,28.5,29.55,15592,,,
2005-04-04,29.65,31.35,29.5,30.3,46823,,,
2005-04-05,30.15,30.45,29.2,29.85,41164,,,
2005-04-06,30.45,30.5,29.8,30.1,13632,,,
2005-04-07,30.15,30.4,29.55,29.95,9669,,,
2005-04-08,30.0,30.0,29.0,29.15,15907,,,
2005-04-11,29.1,29.6,29.0,29.05,9671,,,
2005-04-12,29.5,29.7,28.9,29.05,6256,,,
2005-04-13,29.2,29.5,28.15,28.9,10655,,,
2005-04-15,29.25,29.5,28.1,28.25,19390,,,
2005-04-18,28.15,28.75,28.0,28.1,14513,,,
2005-04-19,29.35,29.4,27.2,27.5,11332,,,
2005-04-20,28.0,28.1,27.2,27.45,23968,,,
2005-04-21,28.05,28.05,26.6,27.5,15673,,,
2005-04-22,26.6,28.45,26.6,28.0,14817,,,
2005-04-25,27.9,28.55,27.6,27.85,9601,,,
2005-04-26,28.0,28.15,27.7,27.8,9589,,,
2005-04-27,28.15,28.15,27.5,27.6,15024,,,
2005-04-28,27.55,27.7,27.1,27.2,4594,,,
2005-04-29,27.0,27.3,26.05,26.3,18432,,,
2005-05-02,27.4,27.4,26.0,26.2,14498,,,
2005-05-03,26.5,27.0,26.1,26.3,11980,,,
2005-05-04,26.15,26.6,26.0,26.15,11660,,,
2005-05-05,26.5,27.5,26.5,27.25,19169,,,
2005-05-06,27.1,28.15,27.0,27.15,5718,,,
2005-05-09,27.75,27.95,27.15,27.75,9179,,,
2005-05-10,27.35,27.85,27.35,27.55,4412,,,
2005-05-11,27.55,29.5,27.4,28.75,35536,,,
2005-05-12,28.85,29.5,28.6,29.0,16581,,,
2005-05-13,28.9,29.6,28.75,29.4,30418,,,
2005-05-16,28.65,30.3,28.65,29.45,27169,,,
2005-05-17,29.4,30.0,29.05,29.3,28900,,,
2005-05-18,29.0,29.9,27.5,29.4,18433,,,
2005-05-19,29.8,29.8,29.15,29.35,9836,,,
2005-05-20,29.5,29.65,29.05,29.1,7733,,,
2005-05-23,28.65,30.9,28.65,30.35,37036,,,
2005-05-24,30.05,30.55,29.6,30.0,18123,,,
2005-05-25,30.2,30.75,29.7,29.85,24843,,,
2005-05-26,30.0,30.4,29.45,29.55,17116,,,
2005-05-27,30.0,30.1,29.0,29.05,16634,,,
2005-05-30,29.95,30.5,28.7,28.8,13246,,,
2005-05-31,28.75,29.65,28.25,28.9,14849,,,
2005-06-01,29.5,34.5,29.05,33.2,417275,,,
2005-06-02,34.0,35.5,33.2,33.5,440047,,,
2005-06-03,33.6,33.8,32.55,33.05,81540,,,
2005-06-04,32.7,33.25,32.2,32.9,35445,,,
2005-06-06,32.85,34.7,32.5,33.15,98305,,,
2005-06-07,33.0,34.3,33.0,33.2,69023,,,
2005-06-08,33.9,34.1,31.55,32.3,53577,,,
2005-06-09,32.5,33.0,32.4,32.7,32864,,,
2005-06-10,34.5,34.5,31.6,32.05,26216,,,
2005-06-13,32.15,32.5,31.6,31.75,22589,,,
2005-06-14,32.25,32.3,31.55,31.7,16465,,,
2005-06-15,31.25,35.35,31.25,34.05,232580,,,
2005-06-16,34.4,35.2,32.5,32.7,195162,,,
2005-06-17,32.25,32.95,31.35,31.75,58329,,,
2005-06-20,32.0,32.2,31.35,31.8,25400,,,
2005-06-21,32.0,32.0,31.3,31.4,21581,,,
2005-06-22,33.95,33.95,30.15,30.85,28017,,,
2005-06-23,32.6,32.6,29.2,30.7,27785,,,
2005-06-24,30.15,31.75,30.15,31.3,25334,,,
2005-06-27,30.35,32.0,30.3,30.5,21162,,,
2005-06-28,30.55,31.2,29.85,30.0,14189,,,
2005-06-29,30.0,30.9,29.9,30.25,15923,,,
2005-06-30,30.6,30.75,29.55,30.3,29708,,,
2005-07-01,29.75,30.4,29.5,30.0,22375,,,
2005-07-04,30.0,31.7,30.0,31.25,37805,,,
2005-07-05,31.2,32.0,30.5,30.65,50684,,,
2005-07-06,30.7,31.4,30.7,30.95,12019,,,
2005-07-07,31.3,31.5,30.3,30.55,11250,,,
2005-07-08,30.5,30.65,30.05,30.3,19798,,,
2005-07-11,30.3,31.0,30.3,30.55,23531,,,
2005-07-12,29.95,30.95,29.95,30.2,11859,,,
2005-07-13,30.8,30.8,30.1,30.2,13608,,,
2005-07-14,30.9,30.9,30.0,30.35,16644,,,
2005-07-15,30.2,30.7,30.15,30.3,24561,,,
2005-07-18,30.5,31.4,30.5,30.7,41311,,,
2005-07-19,30.7,32.5,30.7,31.3,35793,,,
2005-07-20,31.9,33.3,31.2,32.25,99058,,,
2005-07-21,33.7,33.7,32.05,32.3,70325,,,
2005-07-22,32.9,33.0,32.2,32.5,41814,,,
2005-07-25,33.3,33.35,31.8,32.0,24204,,,
2005-07-26,31.0,32.0,31.0,31.2,21025,,,
2005-07-27,31.05,31.4,30.6,30.75,11627,,,
2005-07-29,31.0,31.0,30.15,30.3,19805,,,
2005-08-01,30.15,30.9,30.05,30.3,20356,,,
2005-08-02,30.6,31.5,30.5,30.75,39952,,,
2005-08-03,31.0,31.6,30.9,31.15,33526,,,
2005-08-04,31.6,31.6,30.8,31.15,20473,,,
2005-08-05,31.4,31.95,30.8,30.9,26870,,,
2005-08-08,31.8,31.8,30.8,30.95,22907,,,
2005-08-09,30.8,31.5,30.5,30.75,13263,,,
2005-08-10,31.5,31.5,30.7,30.85,13096,,,
2005-08-11,31.0,31.95,30.8,31.75,53485,,,
2005-08-12,31.9,33.5,31.6,32.35,110566,,,
2005-08-16,33.35,34.2,33.0,33.75,132013,,,
2005-08-17,33.95,36.25,33.5,34.45,326734,,,
2005-08-18,35.7,36.5,35.0,35.8,241935,,,
2005-08-19,36.4,39.0,36.4,37.5,295857,,,
2005-08-22,38.25,42.55,38.1,40.85,763916,,,
2005-08-23,42.25,43.55,40.3,41.05,816478,,,
2005-08-24,41.6,42.5,39.3,40.65,277362,,,
2005-08-25,41.3,41.9,40.7,41.5,183696,,,
2005-08-26,42.4,43.45,42.05,42.8,255732,,,
2005-08-29,43.0,47.0,43.0,46.35,514908,,,
2005-08-30,47.5,55.65,47.35,55.65,1139927,,,
2005-08-31,60.0,61.25,57.4,61.25,290332,,,
2005-09-01,67.4,67.4,57.25,59.3,1593567,,,
2005-09-02,59.1,59.6,55.5,56.15,398377,,,
2005-09-05,57.4,59.0,54.2,55.45,504792,,,
2005-09-06,58.0,58.0,54.05,54.65,194342,,,
2005-09-08,55.25,56.0,54.8,55.65,153571,,,
2005-09-09,56.7,61.25,54.2,58.0,765208,,,
2005-09-12,58.9,60.0,56.55,58.45,400636,,,
2005-09-13,59.0,59.0,57.0,57.4,163270,,,
2005-09-14,57.25,58.0,56.0,56.8,190842,,,
2005-09-15,57.0,59.25,56.15,57.25,259672,,,
2005-09-16,57.9,57.95,56.2,56.65,91551,,,
2005-09-19,56.05,57.0,55.5,55.95,90286,,,
2005-09-20,55.5,56.9,54.0,54.85,131611,,,
2005-09-21,54.25,55.4,49.4,50.65,161195,,,
2005-09-22,47.5,52.6,45.6,45.6,464618,,,
2005-09-23,46.0,46.0,43.35,43.55,152053,,,
2005-09-26,43.35,44.7,43.0,44.7,16355,,,
2005-09-27,46.95,46.95,46.95,46.95,16247,,,
2005-09-28,49.2,49.3,47.25,47.85,124728,,,
2005-09-29,47.1,48.2,45.5,45.5,57658,,,
2005-09-30,43.6,43.7,43.25,43.25,25009,,,
2005-10-03,42.0,45.4,41.1,42.6,133846,,,
2005-10-04,43.0,44.75,42.75,44.65,103761,,,
2005-10-05,43.3,45.2,43.0,43.55,31378,,,
2005-10-06,42.0,43.55,41.6,41.95,30843,,,
2005-10-07,40.5,43.0,40.5,41.35,35950,,,
2005-10-10,41.5,41.7,38.15,39.45,69029,,,
2005-10-11,39.5,41.5,38.25,39.55,54040,,,
2005-10-13,38.6,40.8,38.6,39.35,33922,,,
2005-10-14,38.6,39.6,37.6,37.95,21842,,,
2005-10-17,38.6,39.0,35.15,35.7,29993,,,
2005-10-18,36.05,37.55,36.05,36.25,38200,,,
2005-10-19,34.5,35.4,33.0,33.75,41933,,,
2005-10-20,34.5,34.8,31.75,32.7,36983,,,
2005-10-21,32.5,34.0,32.05,33.3,44202,,,
2005-10-24,33.3,36.5,33.3,34.75,58475,,,
2005-10-25,34.5,36.5,34.05,35.0,41162,,,
2005-10-26,36.95,36.95,34.6,35.25,16285,,,
2005-10-27,37.0,37.0,34.2,34.35,15631,,,
2005-10-28,35.5,35.5,33.6,33.75,28558,,,
2005-10-31,33.5,34.6,33.5,34.35,10364,,,
2005-11-01,35.0,35.9,35.0,35.6,11793,,,
2005-11-02,35.0,37.35,34.35,36.05,23522,,,
2005-11-07,36.0,39.7,36.0,38.9,60356,,,
2005-11-08,39.9,41.7,37.6,38.9,53472,,,
2005-11-09,38.9,39.65,38.2,38.8,23374,,,
2005-11-10,39.0,39.05,38.2,38.7,11994,,,
2005-11-11,39.4,39.4,38.5,38.9,15546,,,
2005-11-14,39.8,42.2,39.25,40.95,69396,,,
2005-11-16,41.8,42.85,40.8,41.4,57307,,,
2005-11-17,42.4,42.4,40.5,40.9,19855,,,
2005-11-18,40.5,42.75,40.5,41.2,60697,,,
2005-11-21,43.0,43.0,40.1,40.4,15310,,,
2005-11-22,40.4,40.4,38.5,38.95,28378,,,
2005-11-23,39.6,40.0,38.5,38.85,7028,,,
2005-11-24,39.0,39.25,38.05,38.35,16326,,,
2005-11-25,39.45,39.45,37.5,38.7,17545,,,
2005-11-26,39.0,39.0,38.1,38.85,21954,,,
2005-11-28,40.8,40.8,38.1,38.9,17086,,,
2005-11-29,38.3,38.6,37.8,38.05,15926,,,
2005-11-30,39.4,40.35,37.25,37.9,106071,,,
2005-12-01,38.0,39.95,37.5,37.9,92621,,,
2005-12-02,38.8,38.8,37.5,37.6,80828,,,
2005-12-05,38.0,38.6,36.6,36.8,27387,,,
2005-12-06,36.5,37.5,36.2,36.95,15872,,,
2005-12-07,37.1,39.2,37.0,38.7,46268,,,
2005-12-08,39.4,39.5,38.5,38.9,38186,,,
2005-12-09,39.0,41.2,39.0,39.8,105050,,,
2005-12-12,40.1,40.5,39.4,39.55,40250,,,
2005-12-13,39.0,39.5,38.2,38.7,17992,,,
2005-12-14,39.3,39.3,37.9,38.15,18627,,,
2005-12-15,38.0,38.95,37.25,37.6,19598,,,
2005-12-16,37.6,37.95,37.0,37.35,30696,,,
2005-12-19,37.5,38.45,37.5,37.75,18273,,,
2005-12-20,38.0,38.25,37.0,37.1,18396,,,
2005-12-21,37.2,37.7,36.5,36.6,26158,,,
2005-12-22,36.5,40.3,36.25,40.3,157764,,,
2005-12-23,43.3,43.3,39.55,39.95,223149,,,
2005-12-26,40.1,40.1,38.45,38.6,25199,,,
2005-12-27,38.6,39.45,38.0,38.8,33887,,,
2005-12-28,39.0,39.8,39.0,39.2,32147,,,
2005-12-29,38.0,43.15,38.0,41.1,160543,,,
2005-12-30,40.5,41.9,39.8,40.1,56529,,,
2006-01-02,40.8,41.4,40.5,41.0,42619,,,
2006-01-03,41.9,42.35,41.0,41.8,85640,,,
2006-01-04,42.0,45.4,41.9,44.2,255451,,,
2006-01-05,45.5,45.5,42.55,42.85,74190,,,
2006-01-06,43.05,44.9,42.8,43.6,88081,,,
2006-01-09,45.0,45.2,43.55,43.85,61015,,,
2006-01-10,42.75,44.2,42.05,42.95,43438,,,
2006-01-12,42.0,43.4,42.0,42.75,21477,,,
2006-01-13,43.0,44.5,42.5,42.75,73443,,,
2006-01-16,43.3,43.3,41.5,42.0,23027,,,
2006-01-17,42.5,42.95,40.0,40.2,29224,,,
2006-01-18,40.5,40.9,39.25,39.8,33473,,,
2006-01-19,40.25,41.3,40.25,40.6,29668,,,
2006-01-20,41.1,41.3,40.2,40.45,23111,,,
2006-01-23,40.45,41.35,40.0,40.35,20242,,,
2006-01-24,41.0,41.3,40.0,40.25,16998,,,
2006-01-25,41.0,41.75,40.0,40.1,48765,,,
2006-01-27,41.0,41.5,40.0,40.1,42455,,,
2006-01-30,40.8,41.0,38.1,38.35,35554,,,
2006-01-31,38.0,38.7,37.75,37.85,24028,,,
2006-02-01,39.4,39.4,36.1,36.4,24937,,,
2006-02-02,36.2,37.4,35.5,35.65,28350,,,
2006-02-03,36.9,37.0,35.5,35.75,21417,,,
2006-02-06,35.8,37.4,35.8,36.1,37958,,,
2006-02-07,36.75,37.2,36.0,36.65,38202,,,
2006-02-08,36.2,37.3,36.0,37.05,21647,,,
2006-02-10,36.4,37.8,36.4,36.5,25175,,,
2006-02-13,37.75,38.7,36.2,38.35,55052,,,
2006-02-14,38.6,39.8,37.55,37.75,18564,,,
2006-02-15,38.0,38.25,37.0,37.1,7629,,,
2006-02-16,37.5,38.0,36.8,37.0,21575,,,
2006-02-17,37.3,37.5,36.0,36.15,16196,,,
2006-02-20,36.0,36.0,33.5,34.3,24511,,,
2006-02-21,34.95,35.7,34.1,35.15,29854,,,
2006-02-22,34.7,35.4,34.25,34.6,18086,,,
2006-02-23,35.25,35.25,34.5,34.7,5610,,,
2006-02-24,34.6,34.6,33.45,33.6,26620,,,
2006-02-27,34.3,34.95,32.5,33.0,43454,,,
2006-02-28,34.0,34.05,33.1,33.3,22569,,,
2006-03-01,33.7,33.7,32.6,32.75,14520,,,
2006-03-02,32.8,32.9,31.5,31.95,26443,,,
2006-03-03,32.2,32.4,31.7,31.9,13927,,,
2006-03-06,34.0,38.0,33.3,34.15,45129,,,
2006-03-07,35.9,35.95,33.55,33.75,18806,,,
2006-03-08,35.75,35.75,33.6,34.05,15135,,,
2006-03-09,34.6,34.6,33.0,33.3,11120,,,
2006-03-10,33.0,35.25,33.0,33.6,26607,,,
2006-03-13,33.6,34.0,31.35,32.25,26002,,,
2006-03-14,32.1,32.75,32.05,32.5,19188,,,
2006-03-16,32.5,32.65,32.0,32.1,36284,,,
2006-03-17,32.3,32.3,31.0,31.35,43790,,,
2006-03-20,31.5,31.9,31.0,31.2,15235,,,
2006-03-21,31.75,31.75,30.25,30.45,20564,,,
2006-03-22,30.5,30.6,29.4,29.85,23732,,,
2006-03-23,29.85,30.45,29.05,29.9,23771,,,
2006-03-24,29.6,30.7,29.2,29.7,27767,,,
2006-03-27,29.75,30.0,28.8,28.9,40147,,,
2006-03-28,28.9,29.5,28.1,28.3,50348,,,
2006-03-29,28.5,28.9,27.0,28.45,36151,,,
2006-03-30,28.7,31.0,28.7,30.35,40275,,,
2006-03-31,30.8,30.95,29.5,30.5,40144,,,
2006-04-03,29.05,32.0,29.05,31.85,60738,,,
2006-04-04,32.05,33.0,32.05,32.5,33144,,,
2006-04-05,32.0,32.9,31.25,32.05,41239,,,
2006-04-07,32.25,34.0,31.8,33.2,105015,,,
2006-04-10,32.55,33.25,32.0,32.15,30661,,,
2006-04-12,30.5,32.9,30.5,32.05,17323,,,
2006-04-13,30.8,32.0,30.8,31.15,17895,,,
2006-04-17,32.5,32.55,31.1,31.4,10634,,,
2006-04-18,32.4,32.4,30.5,30.8,27321,,,
2006-04-19,31.45,31.45,30.6,30.95,13364,,,
2006-04-20,31.4,31.6,30.8,30.95,11761,,,
2006-04-21,31.2,31.2,30.05,30.1,12457,,,
2006-04-24,31.8,32.0,30.9,31.9,39720,,,
2006-04-25,32.25,32.3,31.25,31.5,23182,,,
2006-04-26,30.05,31.15,28.0,30.9,27865,,,
2006-04-27,31.0,32.5,29.5,29.8,112320,,,
2006-04-28,28.2,30.0,28.05,30.0,34370,,,
2006-04-29,31.0,31.75,30.2,31.5,26967,,,
2006-05-02,33.4,33.4,31.5,31.85,29502,,,
2006-05-03,31.95,32.0,30.6,31.3,29201,,,
2006-05-04,31.3,32.0,31.25,31.4,34388,,,
2006-05-05,31.9,33.4,31.65,32.1,61570,,,
2006-05-08,32.1,34.0,32.0,33.6,89277,,,
2006-05-09,34.0,34.95,33.3,33.5,45864,,,
2006-05-10,34.0,34.25,33.5,33.85,29545,,,
2006-05-11,34.35,34.35,32.75,33.05,38572,,,
2006-05-12,33.35,33.35,32.2,32.3,18225,,,
2006-05-15,32.25,32.65,31.05,31.3,15861,,,
2006-05-16,31.7,31.7,29.5,30.5,16779,,,
2006-05-17,31.45,31.7,31.0,31.6,9484,,,
2006-05-18,32.7,32.8,29.2,29.55,24096,,,
2006-05-19,29.65,30.6,28.05,28.3,15798,,,
2006-05-22,27.8,29.0,25.0,26.1,24127,,,
2006-05-23,26.15,27.85,24.5,27.1,27679,,,
2006-05-24,28.5,28.5,26.85,27.3,24792,,,
2006-05-25,27.7,27.7,26.7,27.2,8282,,,
2006-05-26,29.6,29.6,27.75,27.85,13791,,,
2006-05-29,27.7,28.75,27.55,28.25,19738,,,
2006-05-30,27.7,28.25,26.7,27.15,29099,,,
2006-05-31,27.9,27.9,26.15,26.95,9465,,,
2006-06-01,27.0,27.75,26.25,26.6,7751,,,
2006-06-02,26.7,26.7,24.0,24.55,59962,,,
2006-06-05,27.3,27.3,24.65,24.75,7040,,,
2006-06-06,23.6,24.8,23.5,23.8,13290,,,
2006-06-07,23.25,24.45,22.5,22.8,16722,,,
2006-06-08,21.0,21.55,18.3,19.9,27930,,,
2006-06-09,21.9,22.8,20.3,21.9,17992,,,
2006-06-12,20.6,22.7,20.6,21.05,11541,,,
2006-06-13,21.0,21.3,19.6,20.0,14648,,,
2006-06-14,20.7,21.75,19.0,19.25,25771,,,
2006-06-15,20.9,20.9,18.0,19.25,41830,,,
2006-06-16,19.0,21.0,19.0,20.05,36148,,,
2006-06-19,20.25,20.8,19.65,20.45,11935,,,
2006-06-20,20.45,22.0,20.0,21.7,12592,,,
2006-06-21,22.0,22.95,21.8,22.7,25838,,,
2006-06-22,23.5,24.5,23.05,23.3,16082,,,
2006-06-23,23.9,23.9,22.3,22.7,12104,,,
2006-06-25,22.15,22.3,22.05,22.2,1650,,,
2006-06-26,22.15,22.45,19.8,20.1,32487,,,
2006-06-27,21.5,21.5,20.0,20.95,11558,,,
2006-06-28,20.95,20.95,19.35,20.2,5406,,,
2006-06-29,20.5,22.3,20.45,20.75,6955,,,
2006-06-30,21.15,21.55,20.65,21.0,5574,,,
2006-07-03,21.15,21.4,20.55,21.0,4830,,,
2006-07-04,21.5,21.5,20.8,20.9,4143,,,
2006-07-05,20.75,21.2,20.55,20.95,6925,,,
2006-07-06,21.2,21.3,20.8,20.85,1926,,,
2006-07-07,22.1,22.2,20.2,20.5,9750,,,
2006-07-10,20.0,20.7,19.85,20.05,8895,,,
2006-07-11,19.75,20.05,19.5,19.85,4764,,,
2006-07-12,19.25,20.15,19.25,20.1,4919,,,
2006-07-13,19.35,20.2,19.35,19.95,2951,,,
2006-07-14,19.9,19.9,19.0,19.75,5148,,,
2006-07-17,19.35,19.9,19.15,19.25,3819,,,
2006-07-18,19.2,19.8,18.8,19.05,4431,,,
2006-07-19,19.1,19.55,18.65,18.9,5328,,,
2006-07-20,18.55,19.0,18.55,18.65,4159,,,
2006-07-21,18.3,18.4,18.1,18.25,5186,,,
2006-07-24,18.0,18.85,17.6,17.7,9149,,,
2006-07-25,18.05,18.5,17.9,18.25,11217,,,
2006-07-26,18.1,18.7,18.1,18.65,8533,,,
2006-07-27,18.75,18.75,18.2,18.5,6914,,,
2006-07-28,18.2,18.75,18.2,18.4,6288,,,
2006-07-31,18.2,18.5,18.05,18.25,13804,,,
2006-08-01,18.4,18.4,18.15,18.4,3208,,,
2006-08-02,17.95,18.7,17.95,18.5,2599,,,
2006-08-03,18.6,19.0,18.6,18.75,15911,,,
2006-08-04,18.5,19.25,18.5,18.6,9254,,,
2006-08-07,18.5,18.9,18.1,18.4,5747,,,
2006-08-08,18.5,18.55,18.25,18.45,9062,,,
2006-08-09,18.4,18.8,18.35,18.65,10405,,,
2006-08-10,19.0,19.0,18.75,18.9,3865,,,
2006-08-11,18.55,22.7,18.55,22.7,174253,,,
2006-08-14,25.0,26.8,23.9,26.15,297112,,,
2006-08-16,27.0,27.7,26.05,26.15,105564,,,
2006-08-17,26.7,26.7,23.55,24.1,47848,,,
2006-08-18,24.5,25.9,23.8,24.35,54191,,,
2006-08-21,24.45,24.95,24.1,24.5,16700,,,
2006-08-22,25.0,26.15,24.1,24.35,70756,,,
2006-08-23,24.3,24.55,23.45,23.55,11757,,,
2006-08-24,23.65,23.65,22.85,23.5,10573,,,
2006-08-25,23.0,24.05,23.0,23.35,10115,,,
2006-08-28,23.75,23.85,23.2,23.5,10175,,,
2006-08-29,23.45,23.85,22.3,22.55,30848,,,
2006-08-30,23.0,23.25,22.55,22.65,13356,,,
2006-08-31,23.0,23.3,22.1,22.25,12730,,,
2006-09-01,22.5,22.7,22.0,22.2,11622,,,
2006-09-04,22.25,23.0,22.2,22.3,11872,,,
2006-09-05,22.4,22.75,22.1,22.35,10389,,,
2006-09-06,22.4,23.8,22.15,23.35,45626,,,
2006-09-07,23.0,23.75,23.0,23.35,12389,,,
2006-09-08,23.3,23.7,23.25,23.5,6685,,,
2006-09-11,23.6,24.0,22.15,22.35,15095,,,
2006-09-12,22.0,22.25,21.1,22.0,7728,,,
2006-09-13,21.8,23.2,21.8,22.1,11090,,,
2006-09-14,22.9,23.0,22.1,22.25,11708,,,
2006-09-15,22.5,22.5,22.0,22.15,7902,,,
2006-09-18,21.6,22.0,21.25,21.35,33576,,,
2006-09-19,21.35,21.5,21.15,21.2,9198,,,
2006-09-20,20.7,21.6,20.7,21.2,21594,,,
2006-09-21,21.4,21.8,21.0,21.3,13145,,,
2006-09-22,21.3,22.6,20.1,21.65,39615,,,
2006-09-25,21.5,21.5,20.9,21.05,8824,,,
2006-09-26,21.15,21.55,20.35,20.6,45377,,,
2006-09-27,21.25,21.25,20.5,20.5,8192,,,
2006-09-28,20.0,21.0,20.0,20.95,20713,,,
2006-09-29,21.0,21.0,20.8,20.95,9464,,,
2006-10-03,20.1,21.55,20.1,21.0,24140,,,
2006-10-04,21.0,21.2,20.75,21.0,6991,,,
2006-10-05,21.2,21.6,21.2,21.3,12180,,,
2006-10-06,21.3,22.0,21.3,21.95,29195,,,
2006-10-09,22.0,22.5,21.85,22.3,13441,,,
2006-10-10,22.9,22.95,22.1,22.15,15423,,,
2006-10-11,22.8,22.85,21.5,21.55,17542,,,
2006-10-12,22.0,22.0,21.3,21.75,1967,,,
2006-10-13,22.1,22.2,21.65,21.8,10034,,,
2006-10-16,21.85,22.0,21.5,21.85,15220,,,
2006-10-17,21.2,22.0,21.15,21.6,3759,,,
2006-10-18,22.2,22.2,21.5,21.6,6760,,,
2006-10-19,21.75,21.75,21.3,21.45,5459,,,
2006-10-20,21.7,21.75,21.15,21.55,9656,,,
2006-10-21,21.4,22.35,21.0,21.95,14314,,,
2006-10-23,21.9,22.5,21.75,21.9,9365,,,
2006-10-26,21.95,21.95,21.45,21.55,7703,,,
2006-10-27,22.2,23.4,22.2,22.3,42265,,,
2006-10-30,21.55,22.3,21.55,22.0,2490,,,
2006-10-31,21.65,21.9,21.4,21.8,6486,,,
2006-11-01,21.8,22.0,21.5,21.85,8446,,,
2006-11-02,21.6,21.7,21.5,21.6,5995,,,
2006-11-03,22.4,23.5,21.4,21.5,11521,,,
2006-11-06,21.4,21.75,21.3,21.35,12362,,,
2006-11-07,21.95,21.95,21.05,21.4,9628,,,
2006-11-08,21.45,21.45,20.6,20.9,9933,,,
2006-11-09,21.45,21.45,20.55,20.75,4315,,,
2006-11-10,20.65,21.25,20.6,21.1,6617,,,
2006-11-13,21.05,21.5,21.05,21.15,11202,,,
2006-11-14,21.05,22.15,20.75,20.9,28050,,,
2006-11-15,20.5,20.8,20.25,20.35,31392,,,
2006-11-16,20.6,20.7,20.25,20.35,12320,,,
2006-11-17,20.6,21.75,20.1,20.2,12072,,,
2006-11-20,19.1,20.1,19.1,19.3,8610,,,
2006-11-21,19.3,19.8,18.75,19.5,37500,,,
2006-11-22,18.85,19.5,18.85,19.25,13953,,,
2006-11-23,19.1,19.8,19.1,19.45,6400,,,
2006-11-24,19.3,19.5,19.25,19.4,9543,,,
2006-11-27,20.0,20.0,19.25,19.35,11447,,,
2006-11-28,19.5,19.6,19.3,19.35,4470,,,
2006-11-29,19.3,19.5,19.05,19.25,26763,,,
2006-11-30,19.2,19.4,19.05,19.2,8456,,,
2006-12-01,19.45,19.45,19.05,19.1,12534,,,
2006-12-04,19.05,19.35,18.9,19.0,5570,,,
2006-12-05,19.45,19.45,19.0,19.1,12544,,,
2006-12-06,19.25,19.6,19.0,19.0,10907,,,
2006-12-07,19.05,19.05,18.55,18.7,4806,,,
2006-12-08,20.0,20.0,18.65,18.85,7848,,,
2006-12-11,20.5,20.5,18.0,18.55,16284,,,
2006-12-12,18.6,18.6,17.25,17.4,15386,,,
2006-12-13,17.6,18.0,17.2,18.0,5842,,,
2006-12-14,19.5,19.5,18.0,18.8,8585,,,
2006-12-15,19.0,19.4,18.55,18.65,9709,,,
2006-12-18,19.1,19.1,18.75,18.9,5221,,,
2006-12-19,18.55,18.9,18.35,18.55,13628,,,
2006-12-20,18.5,18.5,18.1,18.1,9075,,,
2006-12-21,18.6,18.65,18.15,18.2,10560,,,
2006-12-22,17.6,18.75,17.55,18.35,9275,,,
2006-12-26,18.2,19.1,18.2,18.8,9771,,,
2006-12-27,18.6,18.7,18.25,18.4,21971,,,
2006-12-28,18.6,18.65,18.3,18.45,9228,,,
2006-12-29,18.3,18.85,18.3,18.5,6390,,,
2007-01-02,19.9,19.9,18.3,18.85,11991,,,
2007-01-03,19.0,22.65,18.95,22.65,88368,,,
2007-01-04,24.0,25.5,23.3,23.55,331201,,,
2007-01-05,24.8,24.8,23.0,23.35,62294,,,
2007-01-08,23.5,23.7,22.35,22.65,24864,,,
2007-01-09,22.5,23.0,21.8,21.95,22540,,,
2007-01-10,21.6,22.3,18.35,21.35,12874,,,
2007-01-11,22.8,22.8,21.2,21.35,12454,,,
2007-01-12,22.0,22.0,21.05,21.35,6935,,,
2007-01-15,21.1,21.5,20.8,21.4,9877,,,
2007-01-16,21.4,21.6,21.0,21.4,10330,,,
2007-01-17,21.15,21.6,21.15,21.45,17174,,,
2007-01-18,21.1,22.0,21.1,21.3,16152,,,
2007-01-19,21.05,21.5,21.0,21.15,9462,,,
2007-01-22,21.15,21.6,20.8,20.85,10241,,,
2007-01-23,21.0,21.0,20.45,20.5,6347,,,
2007-01-24,20.25,20.9,20.25,20.4,3670,,,
2007-01-25,20.0,20.85,20.0,20.75,5264,,,
2007-01-29,21.0,21.0,20.1,20.4,4266,,,
2007-01-31,20.25,20.5,19.65,19.95,8018,,,
2007-02-01,20.5,20.5,19.8,20.1,5619,,,
2007-02-02,20.25,20.95,20.05,20.8,6547,,,
2007-02-05,20.1,21.2,19.8,20.95,17117,,,
2007-02-06,20.1,21.5,20.1,21.05,11234,,,
2007-02-07,20.55,21.4,20.55,20.95,10729,,,
2007-02-08,21.5,21.5,20.45,20.55,5936,,,
2007-02-09,20.3,20.6,19.7,20.05,14207,,,
2007-02-12,19.5,19.5,19.1,19.35,5819,,,
2007-02-13,19.95,19.95,19.0,19.05,2096,,,
2007-02-14,19.6,19.6,18.55,19.0,2281,,,
2007-02-15,19.4,19.45,19.15,19.3,2680,,,
2007-02-19,19.45,19.8,19.05,19.2,4380,,,
2007-02-20,18.65,19.5,18.65,19.0,3092,,,
2007-02-21,18.55,19.1,18.5,18.9,4531,,,
2007-02-22,19.0,19.0,18.3,18.45,19856,,,
2007-02-23,18.95,18.95,18.0,18.25,7583,,,
2007-02-26,17.6,18.6,17.55,17.9,13667,,,
2007-02-27,18.45,18.7,17.85,18.7,17117,,,
2007-02-28,18.5,18.7,17.8,18.3,14129,,,
2007-03-01,18.0,18.05,17.85,18.0,15359,,,
2007-03-02,18.5,18.75,17.25,17.85,22481,,,
2007-03-05,17.3,17.9,17.25,17.65,14510,,,
2007-03-06,17.8,17.8,17.1,17.4,40503,,,
2007-03-07,17.0,17.5,16.75,17.0,21466,,,
2007-03-08,17.05,17.05,16.5,16.9,5138,,,
2007-03-09,17.7,17.75,16.7,17.1,5103,,,
2007-03-12,17.6,17.7,17.3,17.35,22862,,,
2007-03-13,17.35,17.9,17.35,17.5,5364,,,
2007-03-14,17.35,17.35,17.0,17.3,7168,,,
2007-03-15,17.45,17.8,17.05,17.3,2611,,,
2007-03-16,16.65,17.0,16.6,16.85,3809,,,
2007-03-19,16.8,17.3,16.8,17.0,9698,,,
2007-03-20,17.5,17.5,17.0,17.1,2361,,,
2007-03-21,17.1,17.3,16.6,17.05,2022,,,
2007-03-22,17.6,17.6,17.0,17.2,4863,,,
2007-03-23,16.8,17.5,16.8,17.1,5903,,,
2007-03-26,17.05,17.5,17.0,17.0,2450,,,
2007-03-28,17.0,17.0,16.4,16.45,13358,,,
2007-03-29,16.5,16.95,16.4,16.65,8106,,,
2007-03-30,16.5,17.1,16.5,16.75,2192,,,
2007-04-02,17.0,17.0,16.5,17.0,2280,,,
2007-04-03,17.0,17.0,16.55,16.8,650,,,
2007-04-04,16.85,17.0,16.8,17.0,2531,,,
2007-04-05,17.1,17.8,16.65,16.95,5813,,,
2007-04-09,16.85,17.6,16.85,17.5,7873,,,
2007-04-10,17.5,17.8,17.25,17.6,4984,,,
2007-04-11,17.9,18.35,17.85,17.9,7947,,,
2007-04-12,18.4,18.4,17.6,17.95,5581,,,
2007-04-13,17.6,18.0,17.5,17.8,4316,,,
2007-04-16,17.8,18.0,17.55,17.85,4340,,,
2007-04-17,18.0,18.0,17.6,17.85,2272,,,
2007-04-18,17.85,18.05,17.7,17.8,5192,,,
2007-04-19,17.7,17.9,17.35,17.75,12006,,,
2007-04-20,17.8,17.95,17.6,17.9,15540,,,
2007-04-23,18.0,18.05,17.65,17.95,4046,,,
2007-04-24,17.95,18.8,17.7,18.3,11879,,,
2007-04-25,17.8,18.25,17.45,18.0,12508,,,
2007-04-26,17.75,17.95,17.25,17.45,12784,,,
2007-04-27,17.6,18.3,17.2,17.4,10702,,,
2007-04-30,17.35,17.75,17.25,17.4,5743,,,
2007-05-03,17.3,17.9,17.3,17.85,4896,,,
2007-05-04,17.8,17.9,17.55,17.55,2262,,,
2007-05-07,18.4,18.9,18.0,18.7,41501,,,
2007-05-08,19.5,19.75,18.5,18.6,37923,,,
2007-05-09,18.45,18.75,18.15,18.3,4311,,,
2007-05-10,18.8,18.8,18.1,18.15,1534,,,
2007-05-11,18.4,18.45,17.95,18.05,3631,,,
2007-05-14,18.0,18.3,18.0,18.0,5066,,,
2007-05-15,18.4,18.7,18.1,18.55,8059,,,
2007-05-16,18.6,19.0,18.4,18.45,9773,,,
2007-05-17,17.4,18.85,17.4,18.65,6424,,,
2007-05-18,18.65,18.85,18.5,18.55,5576,,,
2007-05-21,18.5,18.8,18.25,18.25,5579,,,
2007-05-22,18.3,18.5,18.0,18.15,10609,,,
2007-05-23,18.45,18.45,18.05,18.2,2290,,,
2007-05-24,18.15,18.5,17.5,17.5,9063,,,
2007-05-25,17.65,18.15,17.6,18.0,2395,,,
2007-05-28,18.5,18.5,17.6,17.7,4218,,,
2007-05-29,17.9,18.4,17.8,18.3,6160,,,
2007-05-30,18.25,18.5,18.0,18.0,2963,,,
2007-05-31,18.0,18.2,17.8,18.1,3261,,,
2007-06-01,18.25,18.6,18.1,18.25,11903,,,
2007-06-04,18.25,18.7,18.05,18.2,11287,,,
2007-06-05,18.0,18.25,17.85,18.1,4351,,,
2007-06-06,17.7,18.3,17.7,18.15,4291,,,
2007-06-07,18.25,18.25,17.5,17.5,5315,,,
2007-06-08,17.5,17.9,17.25,17.35,2500,,,
2007-06-11,17.25,18.5,17.25,17.85,6817,,,
2007-06-12,17.9,17.9,17.25,17.3,4415,,,
2007-06-13,17.5,17.5,17.35,17.4,1171,,,
2007-06-14,17.0,17.5,17.0,17.15,10956,,,
2007-06-15,17.15,17.9,17.15,17.55,5368,,,
2007-06-18,17.2,17.4,17.2,17.25,1620,,,
2007-06-19,17.25,17.25,17.0,17.05,6561,,,
2007-06-20,17.0,17.4,17.0,17.1,3939,,,
2007-06-21,17.05,17.4,17.0,17.25,3755,,,
2007-06-22,16.85,17.45,16.8,17.05,4680,,,
2007-06-25,17.4,17.7,17.25,17.4,12478,,,
2007-06-26,17.95,17.95,17.4,17.7,5145,,,
2007-06-27,17.5,17.65,17.3,17.3,3952,,,
2007-06-28,17.8,18.0,17.4,17.65,5990,,,
2007-06-29,17.8,17.8,17.35,17.45,9958,,,
2007-07-02,17.0,17.75,17.0,17.55,6979,,,
2007-07-03,17.85,18.3,17.5,17.85,10824,,,
2007-07-04,18.0,18.0,17.5,17.55,6424,,,
2007-07-05,17.7,17.7,17.45,17.5,2350,,,
2007-07-06,17.85,18.0,17.55,17.9,5095,,,
2007-07-09,18.85,18.85,17.55,18.35,13673,,,
2007-07-10,18.5,18.8,18.05,18.25,10093,,,
2007-07-11,18.0,18.05,17.8,17.85,7741,,,
2007-07-12,17.55,18.45,17.55,18.05,11243,,,
2007-07-13,17.7,18.25,17.65,17.85,13037,,,
2007-07-16,17.9,18.4,17.8,17.95,13167,,,
2007-07-17,17.35,18.2,17.35,17.9,8064,,,
2007-07-18,17.65,17.9,17.5,17.6,3908,,,
2007-07-19,17.5,17.6,17.4,17.6,4002,,,
2007-07-20,17.95,17.95,17.35,17.4,13182,,,
2007-07-23,20.4,20.4,17.25,17.35,5235,,,
2007-07-24,17.4,17.7,17.25,17.35,9956,,,
2007-07-25,17.3,17.35,17.0,17.05,10421,,,
2007-07-26,16.5,17.55,16.5,17.2,4916,,,
2007-07-27,15.15,17.3,15.15,16.75,3763,,,
2007-07-30,17.45,17.55,17.2,17.25,5856,,,
2007-07-31,17.25,17.45,17.0,17.05,1661,,,
2007-08-01,17.1,17.1,16.5,16.6,4158,,,
2007-08-02,16.4,16.7,16.4,16.5,2590,,,
2007-08-03,16.6,16.9,16.2,16.3,4906,,,
2007-08-06,15.0,16.6,15.0,16.45,7731,,,
2007-08-07,18.5,18.5,16.85,17.25,6808,,,
2007-08-08,17.45,17.45,17.0,17.05,2750,,,
2007-08-09,17.25,17.25,16.9,16.95,3099,,,
2007-08-10,16.7,16.95,16.25,16.5,6088,,,
2007-08-13,17.0,17.05,16.35,17.0,4008,,,
2007-08-14,16.75,17.25,16.65,17.1,6931,,,
2007-08-16,17.0,17.5,16.7,16.85,6091,,,
2007-08-17,17.2,17.45,16.05,16.55,26300,,,
2007-08-20,16.75,17.55,16.75,17.25,5759,,,
2007-08-21,17.0,17.3,16.65,16.75,4496,,,
2007-08-22,16.1,16.75,16.1,16.65,8551,,,
2007-08-23,16.7,16.7,16.15,16.35,6443,,,
2007-08-24,16.0,16.65,16.0,16.3,5140,,,
2007-08-27,16.05,16.85,16.05,16.8,7755,,,
2007-08-28,16.55,16.95,16.5,16.6,8836,,,
2007-08-29,16.25,16.8,16.25,16.7,3572,,,
2007-08-30,16.6,16.95,16.5,16.55,7627,,,
2007-08-31,16.4,16.85,16.4,16.75,4151,,,
2007-09-03,17.0,17.5,16.75,17.1,10109,,,
2007-09-04,18.1,18.1,16.25,17.65,14182,,,
2007-09-05,17.6,18.0,17.3,17.4,9429,,,
2007-09-06,17.2,20.1,17.2,18.8,51433,,,
2007-09-07,19.45,20.7,19.15,19.5,84467,,,
2007-09-10,19.05,21.4,18.95,20.25,67907,,,
2007-09-11,21.6,21.6,19.55,20.0,50058,,,
2007-09-12,20.0,20.45,19.5,20.0,21242,,,
2007-09-13,23.7,23.7,20.0,20.1,54992,,,
2007-09-14,21.9,23.4,19.85,19.95,28218,,,
2007-09-17,20.5,20.5,19.3,19.7,8628,,,
2007-09-18,20.0,20.0,19.5,19.85,8165,,,
2007-09-19,20.15,20.15,19.05,19.3,13952,,,
2007-09-20,19.05,20.1,18.75,19.05,21670,,,
2007-09-21,18.4,19.45,18.4,18.65,8696,,,
2007-09-24,18.5,19.5,18.5,18.75,29001,,,
2007-09-25,18.55,18.95,18.4,18.5,6196,,,
2007-09-26,19.0,19.5,18.4,19.1,16539,,,
2007-09-27,18.6,19.0,18.4,18.95,11830,,,
2007-09-28,19.15,19.15,18.15,18.55,16873,,,
2007-10-01,18.7,19.15,18.35,18.65,9936,,,
2007-10-03,18.25,19.0,18.15,18.3,17787,,,
2007-10-04,18.0,18.5,18.0,18.0,30862,,,
2007-10-05,17.9,18.0,17.75,17.85,9940,,,
2007-10-08,18.0,18.2,17.05,17.25,9197,,,
2007-10-09,17.05,17.5,16.75,17.0,16116,,,
2007-10-10,17.45,17.45,16.8,16.85,14007,,,
2007-10-11,16.8,17.15,16.8,17.0,2450,,,
2007-10-12,17.0,17.0,16.1,16.65,10137,,,
2007-10-15,17.9,17.9,16.55,16.6,6882,,,
2007-10-16,17.05,17.15,16.4,16.85,9612,,,
2007-10-17,16.3,17.3,16.0,17.0,9224,,,
2007-10-18,17.0,17.1,16.5,16.8,7814,,,
2007-10-19,16.65,16.75,16.0,16.1,9059,,,
2007-10-22,15.7,16.6,15.7,16.1,8712,,,
2007-10-23,15.8,16.65,15.8,16.05,31500,,,
2007-10-24,16.15,16.6,15.95,16.05,14465,,,
2007-10-25,16.35,16.35,15.75,15.9,13132,,,
2007-10-26,15.85,16.2,15.85,15.95,14854,,,
2007-10-29,15.85,16.25,15.8,16.1,10463,,,
2007-10-30,16.0,16.5,15.85,16.2,12893,,,
2007-10-31,15.75,16.4,15.75,15.9,5628,,,
2007-11-01,18.65,19.0,15.75,15.85,15973,,,
2007-11-02,16.9,16.9,15.7,16.0,10168,,,
2007-11-05,16.5,16.65,15.9,16.25,10206,,,
2007-11-06,16.45,16.45,16.0,16.05,4864,,,
2007-11-07,15.95,16.3,15.75,16.05,5459,,,
2007-11-08,16.0,16.3,15.8,15.9,2866,,,
2007-11-09,17.0,17.0,15.8,16.15,2057,,,
2007-11-12,16.2,16.2,15.8,15.85,13148,,,
2007-11-13,16.0,16.45,16.0,16.2,17397,,,
2007-11-14,14.05,16.75,14.05,16.6,12746,,,
2007-11-15,16.7,17.75,16.7,17.3,40043,,,
2007-11-16,17.5,20.0,17.5,19.6,85066,,,
2007-11-19,20.0,22.05,20.0,20.95,85351,,,
2007-11-20,20.95,22.0,20.5,20.75,46429,,,
2007-11-21,21.2,21.2,19.1,19.35,29295,,,
2007-11-22,19.1,19.4,18.2,18.45,20255,,,
2007-11-23,19.25,20.0,18.75,18.95,18974,,,
2007-11-26,19.8,20.25,19.45,19.85,27161,,,
2007-11-27,20.7,20.7,19.3,19.4,6828,,,
2007-11-28,20.4,20.4,18.8,19.2,15236,,,
2007-11-29,18.9,19.6,18.05,18.6,7542,,,
2007-11-30,18.6,19.5,18.5,18.6,7107,,,
2007-12-03,19.0,19.45,18.85,18.95,8328,,,
2007-12-04,19.15,19.7,18.85,19.15,13010,,,
2007-12-05,20.7,21.0,19.1,20.8,60513,,,
2007-12-06,21.9,22.5,21.0,21.2,90013,,,
2007-12-07,21.95,22.0,20.25,20.5,33871,,,
2007-12-10,20.3,21.85,20.3,21.6,67046,,,
2007-12-11,21.9,23.35,21.9,22.55,87110,,,
2007-12-12,22.95,27.1,22.35,27.1,251631,,,
2007-12-13,29.45,31.4,27.55,28.45,448351,,,
2007-12-14,27.0,32.7,27.0,31.5,486415,,,
2007-12-17,31.5,32.95,28.4,28.65,168484,,,
2007-12-18,29.0,29.0,26.0,27.4,69925,,,
2007-12-19,28.5,30.15,27.5,28.65,159069,,,
2007-12-20,28.3,29.7,27.0,27.3,74974,,,
2007-12-24,28.0,28.6,27.05,27.15,39228,,,
2007-12-26,27.25,28.5,26.5,26.8,42232,,,
2007-12-27,27.95,28.25,26.95,27.3,85502,,,
2007-12-28,27.95,29.0,27.15,28.6,62219,,,
2007-12-31,29.0,31.5,29.0,31.35,155543,,,
2008-01-01,32.35,34.25,31.6,32.5,147821,,,
2008-01-02,33.8,34.95,30.5,32.9,111786,,,
2008-01-03,33.2,33.2,31.25,31.4,62668,,,
2008-01-04,32.0,32.35,30.4,30.6,38080,,,
2008-01-07,30.45,30.7,29.0,29.3,46305,,,
2008-01-08,30.0,30.9,26.7,27.25,35731,,,
2008-01-09,30.0,30.0,25.5,26.8,29947,,,
2008-01-10,26.0,27.4,25.0,25.3,28030,,,
2008-01-11,25.0,25.05,23.8,24.25,19692,,,
2008-01-14,23.1,26.7,23.1,26.7,36015,,,
2008-01-15,27.0,29.25,26.6,27.15,43912,,,
2008-01-16,28.4,29.0,25.5,26.35,23797,,,
2008-01-17,26.5,26.9,25.6,26.35,13361,,,
2008-01-18,24.6,27.6,24.55,25.15,24424,,,
2008-01-21,24.0,24.25,22.65,22.85,21641,,,
2008-01-22,20.6,21.45,20.6,20.75,4367,,,
2008-01-23,21.0,21.0,19.75,20.1,18487,,,
2008-01-24,20.05,20.25,19.1,19.1,11238,,,
2008-01-25,18.5,19.95,18.15,19.35,14737,,,
2008-01-28,19.9,20.3,19.05,19.25,17713,,,
2008-01-29,19.85,20.25,19.2,20.25,6604,,,
2008-01-30,20.85,20.85,19.35,19.5,11083,,,
2008-01-31,19.15,19.65,18.65,18.9,7349,,,
2008-02-01,19.0,19.0,18.0,18.25,9675,,,
2008-02-04,18.6,19.2,18.6,19.05,10624,,,
2008-02-05,19.0,19.8,19.0,19.45,10814,,,
2008-02-06,19.2,19.9,18.85,19.65,4016,,,
2008-02-07,19.9,20.0,19.25,19.45,7601,,,
2008-02-08,19.4,19.5,18.5,18.55,6163,,,
2008-02-11,18.4,18.4,17.65,17.85,13587,,,
2008-02-12,17.0,17.45,17.0,17.1,6573,,,
2008-02-13,16.5,17.0,16.25,16.3,11736,,,
2008-02-14,16.9,17.1,16.3,17.0,6178,,,
2008-02-15,17.1,17.75,16.5,17.7,9324,,,
2008-02-18,18.45,18.45,17.05,17.9,2906,,,
2008-02-19,17.5,18.55,17.5,17.9,7003,,,
2008-02-20,18.0,18.0,17.2,17.2,2834,,,
2008-02-21,17.65,17.65,17.0,17.0,2732,,,
2008-02-22,17.15,17.5,17.0,17.45,5432,,,
2008-02-25,18.2,18.2,16.75,17.05,3963,,,
2008-02-26,16.8,17.65,16.8,17.15,3920,,,
2008-02-27,17.5,17.8,17.25,17.35,3581,,,
2008-02-28,18.05,18.05,17.15,17.4,4695,,,
2008-02-29,17.9,18.0,17.1,17.7,10482,,,
2008-03-03,18.0,18.6,17.5,17.8,15913,,,
2008-03-04,17.4,18.5,16.95,17.1,8815,,,
2008-03-05,16.75,17.0,16.55,16.6,1977,,,
2008-03-07,16.1,16.1,15.8,15.8,5425,,,
2008-03-10,14.5,15.05,14.25,14.7,19945,,,
2008-03-11,15.95,16.2,14.8,16.1,12357,,,
2008-03-12,17.7,17.7,15.4,16.5,4330,,,
2008-03-13,15.2,16.0,15.05,15.55,9721,,,
2008-03-14,15.05,15.6,15.0,15.4,10461,,,
2008-03-17,14.65,15.5,14.45,14.8,4542,,,
2008-03-18,14.3,14.85,14.05,14.25,10276,,,
2008-03-19,14.15,14.15,13.85,14.0,6455,,,
2008-03-24,14.0,14.0,13.1,13.25,8043,,,
2008-03-25,13.8,14.25,13.15,13.85,7320,,,
2008-03-26,12.8,14.25,12.55,14.0,10326,,,
2008-03-27,13.9,14.5,13.55,14.35,2833,,,
2008-03-28,15.6,15.6,14.4,15.25,7534,,,
2008-03-31,15.75,16.2,15.0,15.65,10405,,,
2008-04-01,15.55,15.95,15.05,15.25,5358,,,
2008-04-02,15.85,15.9,15.05,15.25,13939,,,
2008-04-03,15.25,15.65,15.25,15.35,2027,,,
2008-04-04,14.55,15.5,14.55,15.2,1309,,,
2008-04-07,15.1,15.5,15.1,15.5,3465,,,
2008-04-08,15.9,15.9,15.0,15.7,3580,,,
2008-04-09,15.65,16.95,15.65,15.75,6736,,,
2008-04-10,16.0,16.4,15.65,16.05,7881,,,
2008-04-11,16.45,16.45,15.5,15.8,7278,,,
2008-04-15,16.1,16.1,15.45,16.0,979,,,
2008-04-16,16.15,16.85,16.0,16.55,17782,,,
2008-04-17,16.55,18.0,16.0,17.6,24589,,,
2008-04-21,17.6,18.0,16.3,16.65,10128,,,
2008-04-22,17.75,18.0,17.0,17.25,18128,,,
2008-04-23,17.5,17.5,16.55,17.05,10259,,,
2008-04-24,17.0,17.7,17.0,17.45,10829,,,
2008-04-25,17.25,17.45,17.1,17.3,5997,,,
2008-04-28,17.0,17.5,16.9,17.4,5062,,,
2008-04-29,18.5,18.85,17.15,17.5,2233,,,
2008-04-30,17.25,17.5,17.1,17.15,4082,,,
2008-05-02,17.5,17.5,16.95,17.05,4735,,,
2008-05-05,16.25,17.7,16.25,17.25,10084,,,
2008-05-06,17.15,17.35,16.8,16.9,2175,,,
2008-05-07,16.85,17.1,16.55,16.8,3528,,,
2008-05-08,17.2,17.25,16.5,16.9,5230,,,
2008-05-09,17.0,17.0,16.45,16.5,3597,,,
2008-05-12,16.2,16.8,15.5,15.95,4336,,,
2008-05-13,16.45,16.45,16.1,16.1,1951,,,
2008-05-14,16.5,16.5,15.5,15.7,13841,,,
2008-05-15,16.2,16.5,15.9,16.15,6795,,,
2008-05-16,16.4,16.7,15.8,16.2,5720,,,
2008-05-20,16.2,16.95,15.65,16.8,5722,,,
2008-05-21,16.15,16.9,14.2,16.9,12649,,,
2008-05-22,16.9,17.3,16.4,16.55,5886,,,
2008-05-23,16.35,16.5,16.0,16.05,7506,,,
2008-05-26,15.65,16.1,15.5,15.7,1831,,,
2008-05-27,15.75,15.8,15.15,15.6,3264,,,
2008-05-28,15.15,15.95,15.15,15.9,1718,,,
2008-05-29,16.35,16.35,15.55,15.8,1854,,,
2008-05-30,15.25,16.0,15.25,15.5,3051,,,
2008-06-02,15.35,15.9,15.0,15.15,5027,,,
2008-06-03,14.7,15.7,14.5,14.85,4915,,,
2008-06-04,13.5,15.45,13.5,14.35,5653,,,
2008-06-05,14.7,14.9,14.2,14.8,1944,,,
2008-06-06,13.4,15.4,13.4,14.25,5825,,,
2008-06-09,13.6,14.65,13.6,14.0,1922,,,
2008-06-10,14.1,14.6,14.0,14.0,1977,,,
2008-06-11,14.0,15.6,14.0,15.0,9128,,,
2008-06-12,15.0,15.6,14.85,15.4,9694,,,
2008-06-13,15.0,15.45,15.0,15.4,9768,,,
2008-06-16,17.65,17.65,13.3,15.35,3394,,,
2008-06-17,15.25,15.8,15.25,15.7,6972,,,
2008-06-18,15.8,16.45,15.7,16.0,12861,,,
2008-06-19,15.4,15.55,15.1,15.1,5793,,,
2008-06-20,15.05,15.05,14.1,14.55,5902,,,
2008-06-23,14.45,14.5,14.0,14.15,5545,,,
2008-06-24,14.1,14.1,13.4,13.7,5728,,,
2008-06-25,13.05,13.9,13.0,13.45,4949,,,
2008-06-26,13.55,13.85,13.15,13.15,6739,,,
2008-06-27,12.05,14.9,12.05,13.55,2633,,,
2008-06-30,14.0,14.0,12.7,12.9,5174,,,
2008-07-01,12.65,13.8,12.65,12.9,5977,,,
2008-07-02,12.8,13.4,12.0,12.75,5551,,,
2008-07-03,12.65,13.1,12.5,12.8,1599,,,
2008-07-04,12.5,13.0,12.5,12.7,1171,,,
2008-07-07,12.55,13.3,12.55,13.1,4916,,,
2008-07-08,12.55,13.0,12.55,12.8,1286,,,
2008-07-09,12.75,13.9,12.75,12.95,6491,,,
2008-07-10,12.65,13.5,12.65,12.9,2269,,,
2008-07-11,13.0,13.45,12.8,13.0,2914,,,
2008-07-14,13.35,13.35,13.0,13.05,91,,,
2008-07-15,12.7,13.45,12.05,12.85,2327,,,
2008-07-16,12.35,12.5,12.35,12.45,2506,,,
2008-07-17,12.5,13.0,12.35,12.45,875,,,
2008-07-18,12.95,13.4,12.55,12.75,3568,,,
2008-07-21,12.65,14.85,12.65,13.75,19259,,,
2008-07-22,13.0,14.2,13.0,13.5,5410,,,
2008-07-23,14.3,14.3,13.0,13.55,3492,,,
2008-07-24,14.0,14.0,13.35,13.65,1797,,,
2008-07-25,13.8,13.9,13.4,13.65,1812,,,
2008-07-28,13.3,14.85,13.3,14.45,13840,,,
2008-07-29,14.6,14.6,13.85,14.15,10281,,,
2008-07-30,13.7,14.0,13.7,13.75,1279,,,
2008-07-31,13.55,14.35,13.55,14.0,2071,,,
2008-08-01,13.5,14.7,13.5,14.25,5570,,,
2008-08-04,14.75,14.75,13.75,14.5,3687,,,
2008-08-05,15.0,15.15,14.35,14.65,4421,,,
2008-08-06,14.95,15.0,14.25,14.45,5227,,,
2008-08-07,14.7,14.7,14.35,14.55,3262,,,
2008-08-11,14.75,14.75,14.35,14.35,1408,,,
2008-08-12,14.75,15.15,14.55,14.95,9565,,,
2008-08-13,14.7,14.8,14.4,14.8,4701,,,
2008-08-14,14.45,14.95,14.0,14.05,5422,,,
2008-08-18,14.0,14.95,14.0,14.05,3407,,,
2008-08-19,15.75,15.75,13.6,13.7,3924,,,
2008-08-20,14.1,14.1,13.7,13.75,650,,,
2008-08-21,13.95,13.95,13.5,13.7,914,,,
2008-08-22,13.5,13.8,13.5,13.65,1802,,,
2008-08-25,13.35,13.95,13.15,13.8,2050,,,
2008-08-26,13.5,14.1,13.2,13.4,5865,,,
2008-08-27,13.2,13.55,13.2,13.45,1923,,,
2008-08-28,13.0,13.5,13.0,13.2,1795,,,
2008-08-29,13.15,13.6,13.05,13.2,3210,,,
2008-09-01,13.05,13.65,13.05,13.55,3207,,,
2008-09-02,13.1,13.5,13.1,13.4,931,,,
2008-09-04,13.05,13.5,13.05,13.15,3280,,,
2008-09-05,13.1,13.55,13.1,13.5,2339,,,
2008-09-08,13.3,13.6,13.25,13.4,2549,,,
2008-09-09,13.65,13.65,13.4,13.6,2354,,,
2008-09-10,13.0,13.6,13.0,13.3,2851,,,
2008-09-11,12.95,13.2,12.95,13.2,821,,,
2008-09-12,13.05,13.65,11.3,12.3,20624,,,
2008-09-15,13.5,13.5,12.0,12.2,4234,,,
2008-09-16,11.95,12.25,11.6,12.05,8047,,,
2008-09-17,12.2,12.5,12.05,12.25,3557,,,
2008-09-18,11.5,11.8,10.55,11.6,7382,,,
2008-09-19,12.0,12.2,11.75,12.05,3035,,,
2008-09-22,12.1,12.5,11.65,11.95,1324,,,
2008-09-23,11.15,11.9,11.15,11.5,5367,,,
2008-09-24,11.0,12.45,11.0,11.25,5738,,,
2008-09-25,11.15,11.8,11.15,11.6,531,,,
2008-09-26,11.0,11.4,10.7,11.05,2084,,,
2008-09-29,11.15,11.15,10.0,10.4,5066,,,
2008-09-30,9.65,10.9,9.65,10.25,3906,,,
2008-10-01,10.05,10.8,10.0,10.25,3037,,,
2008-10-03,10.1,10.6,10.0,10.35,829,,,
2008-10-06,9.9,9.9,9.0,9.1,7659,,,
2008-10-07,9.15,9.15,8.55,8.55,7267,,,
2008-10-08,8.05,9.6,8.05,8.5,8761,,,
2008-10-10,6.8,8.2,6.8,8.0,5391,,,
2008-10-13,8.0,8.45,7.65,8.05,3286,,,
2008-10-14,9.7,9.7,8.15,8.35,3431,,,
2008-10-15,8.5,8.95,8.5,8.55,14553,,,
2008-10-16,8.0,8.25,7.15,7.9,4360,,,
2008-10-17,8.0,8.8,8.0,8.2,1120,,,
2008-10-20,8.6,8.6,7.0,8.15,3244,,,
2008-10-21,8.05,8.4,8.0,8.0,1687,,,
2008-10-22,8.0,8.4,7.9,8.25,2528,,,
2008-10-23,7.5,8.3,7.5,7.7,3473,,,
2008-10-24,8.1,8.15,7.0,7.3,5653,,,
2008-10-27,7.0,7.4,6.0,6.95,5554,,,
2008-10-28,7.05,7.05,6.0,6.35,4016,,,
2008-10-29,7.5,7.5,7.0,7.1,895,,,
2008-10-31,7.0,7.8,7.0,7.5,5638,,,
2008-11-03,6.3,8.35,6.3,8.05,4201,,,
2008-11-04,8.5,8.95,7.1,8.25,6563,,,
2008-11-05,8.6,8.85,8.0,8.75,3744,,,
2008-11-06,7.9,8.25,7.9,8.1,940,,,
2008-11-07,7.05,8.3,7.05,8.3,4541,,,
2008-11-10,8.15,8.95,8.0,8.75,4158,,,
2008-11-11,7.55,8.45,7.55,8.0,2824,,,
2008-11-12,8.3,8.3,7.6,8.25,209,,,
2008-11-14,8.0,8.1,7.35,7.75,1632,,,
2008-11-17,6.4,7.7,6.4,7.6,3233,,,
2008-11-18,7.7,7.8,7.15,7.7,1104,,,
2008-11-19,7.9,7.9,7.2,7.5,2511,,,
2008-11-20,7.4,7.4,7.0,7.0,1207,,,
2008-11-21,7.0,7.0,7.0,7.0,1100,,,
2008-11-24,7.0,7.85,6.5,6.8,1664,,,
2008-11-25,7.5,7.95,6.5,7.0,1019,,,
2008-11-26,8.0,8.0,7.0,7.0,1436,,,
2008-11-28,7.5,7.5,6.75,6.75,767,,,
2008-12-01,8.0,8.0,6.55,7.25,642,,,
2008-12-02,7.45,7.45,6.05,7.15,1071,,,
2008-12-03,7.3,7.3,7.15,7.2,43,,,
2008-12-04,7.25,7.25,6.8,7.25,201,,,
2008-12-05,7.1,7.4,6.8,7.0,3060,,,
2008-12-08,6.45,7.85,6.45,7.45,2141,,,
2008-12-10,7.95,7.95,6.35,6.9,4151,,,
2008-12-11,7.2,7.25,6.85,6.85,3000,,,
2008-12-12,7.0,7.35,6.95,7.2,6918,,,
2008-12-15,6.5,7.95,6.5,7.8,2723,,,
2008-12-16,8.45,8.45,6.95,7.75,4012,,,
2008-12-17,8.3,8.3,7.15,7.55,1781,,,
2008-12-18,7.0,7.5,7.0,7.45,3051,,,
2008-12-19,6.95,8.0,6.95,7.65,769,,,
2008-12-22,8.0,8.15,7.35,8.0,10014,,,
2008-12-23,8.8,8.8,7.05,7.75,2366,,,
2008-12-24,7.7,7.9,7.1,7.85,605,,,
2008-12-26,7.1,8.1,6.4,7.45,3352,,,
2008-12-29,7.2,8.4,7.15,7.7,3521,,,
2008-12-30,7.25,8.25,7.25,8.25,431,,,
2008-12-31,8.0,8.0,7.8,7.8,651,,,
2009-01-01,8.0,8.35,8.0,8.3,1308,,,
2009-01-02,8.85,9.0,8.5,8.75,3801,,,
2009-01-05,9.0,9.2,8.3,9.2,5252,,,
2009-01-06,9.45,9.45,8.5,8.5,1476,,,
2009-01-07,8.4,8.6,8.05,8.1,3123,,,
2009-01-09,7.35,8.6,7.35,8.5,3064,,,
2009-01-12,7.7,8.2,7.65,7.95,3655,,,
2009-01-13,7.45,7.55,7.4,7.55,171,,,
2009-01-14,7.2,7.5,7.2,7.45,803,,,
2009-01-15,7.25,8.0,7.2,7.95,773,,,
2009-01-16,8.0,8.0,7.5,7.55,1149,,,
2009-01-20,7.5,7.55,7.5,7.5,895,,,
2009-01-21,7.9,7.9,7.3,7.3,2012,,,
2009-01-22,7.15,7.25,7.0,7.05,4060,,,
2009-01-23,6.5,7.35,6.45,6.7,5115,,,
2009-01-27,7.3,7.4,7.05,7.25,3935,,,
2009-01-28,7.2,7.75,7.15,7.45,2180,,,
2009-01-29,7.65,7.65,7.25,7.6,1243,,,
2009-01-30,8.35,8.35,6.85,7.75,2105,,,
2009-02-02,7.5,8.0,7.15,7.65,2728,,,
2009-02-03,7.25,7.9,7.25,7.35,2377,,,
2009-02-04,7.1,7.3,7.1,7.15,3527,,,
2009-02-05,7.0,7.9,7.0,7.9,16533,,,
2009-02-06,7.8,8.2,7.8,8.0,549,,,
2009-02-09,8.0,8.05,7.7,7.8,1506,,,
2009-02-10,8.5,8.5,7.5,8.15,8643,,,
2009-02-11,8.0,8.25,8.0,8.1,798,,,
2009-02-12,8.0,8.1,7.6,7.65,1875,,,
2009-02-13,8.25,8.25,8.05,8.25,2600,,,
2009-02-16,8.0,8.7,8.0,8.05,2256,,,
2009-02-17,7.9,8.25,7.9,8.1,1104,,,
2009-02-18,8.5,8.5,7.75,8.05,942,,,
2009-02-19,8.4,8.4,8.3,8.3,200,,,
2009-02-20,7.5,8.15,7.5,8.05,6386,,,
2009-02-24,7.85,7.95,7.45,7.55,2901,,,
2009-02-25,7.6,8.35,7.6,8.0,5317,,,
2009-02-26,7.7,8.35,7.7,8.25,4985,,,
2009-02-27,8.25,8.3,7.8,7.8,600,,,
2009-03-02,7.7,8.15,7.65,7.9,3390,,,
2009-03-03,7.5,8.45,7.5,7.9,4402,,,
2009-03-04,7.7,8.1,7.7,8.1,104,,,
2009-03-05,7.75,8.4,7.75,8.05,6552,,,
2009-03-06,8.3,8.3,8.0,8.05,1740,,,
2009-03-12,6.9,7.95,6.9,7.9,1606,,,
2009-03-13,7.7,7.7,7.55,7.65,2771,,,
2009-03-16,7.6,7.6,7.35,7.35,46,,,
2009-03-17,7.7,7.7,7.7,7.7,50,,,
2009-03-18,7.5,7.5,7.35,7.35,250,,,
2009-03-19,7.5,7.85,7.25,7.45,308,,,
2009-03-20,7.35,7.35,7.35,7.35,1001,,,
2009-03-23,7.7,8.0,7.25,7.45,5668,,,
2009-03-24,7.75,7.75,7.55,7.55,5600,,,
2009-03-25,7.9,8.0,7.9,7.9,2724,,,
2009-03-26,7.7,7.75,7.7,7.75,504,,,
2009-03-27,8.0,8.2,7.4,7.65,2035,,,
2009-03-30,7.95,7.95,7.45,7.45,201,,,
2009-03-31,8.45,8.45,7.5,7.7,2953,,,
2009-04-01,9.2,9.2,7.85,8.3,1915,,,
2009-04-02,8.15,8.2,8.1,8.2,1598,,,
2009-04-06,8.3,8.75,8.3,8.75,239,,,
2009-04-08,7.7,9.75,7.7,9.25,5039,,,
2009-04-09,10.9,10.9,9.0,9.35,10155,,,
2009-04-13,9.75,9.75,9.35,9.55,308,,,
2009-04-15,9.25,10.5,9.25,10.35,26298,,,
2009-04-16,11.7,11.7,9.55,9.65,23535,,,
2009-04-17,9.2,10.4,9.15,9.25,6009,,,
2009-04-20,11.0,11.0,8.85,9.7,2444,,,
2009-04-21,9.7,9.7,9.05,9.5,794,,,
2009-04-22,9.95,9.95,9.1,9.25,893,,,
2009-04-23,9.75,9.8,9.0,9.55,1443,,,
2009-04-24,10.75,10.75,9.1,10.0,3337,,,
2009-04-27,9.75,10.2,9.4,9.7,2133,,,
2009-04-28,10.05,10.05,8.75,9.05,3333,,,
2009-04-29,9.0,9.05,8.95,9.05,68,,,
2009-05-04,10.7,10.7,9.15,9.25,3076,,,
2009-05-05,9.0,10.0,9.0,9.25,972,,,
2009-05-06,10.2,10.2,9.05,9.05,490,,,
2009-05-07,9.1,10.0,9.1,9.85,3617,,,
2009-05-08,9.9,9.95,9.6,9.65,1802,,,
2009-05-11,9.35,9.7,9.15,9.55,3150,,,
2009-05-12,9.55,9.55,9.05,9.15,2801,,,
2009-05-13,9.2,9.2,9.15,9.15,505,,,
2009-05-14,8.55,9.8,8.35,9.0,1346,,,
2009-05-15,9.0,9.95,9.0,9.25,4637,,,
2009-05-19,9.35,9.9,9.2,9.6,4006,,,
2009-05-20,9.7,11.55,9.45,11.15,20721,,,
2009-05-21,11.05,13.0,11.05,11.65,16311,,,
2009-05-22,12.0,12.45,11.0,12.05,3062,,,
2009-05-25,11.55,14.5,11.55,14.4,28936,,,
2009-05-26,15.6,15.6,13.1,13.35,25124,,,
2009-05-27,14.05,14.5,12.05,13.75,62961,,,
2009-05-28,14.25,14.75,13.5,13.9,22321,,,
2009-05-29,13.5,14.45,13.5,13.8,8519,,,
2009-06-01,14.0,15.2,13.5,15.2,14520,,,
2009-06-02,16.3,16.3,14.8,15.5,20255,,,
2009-06-03,15.8,16.4,14.7,15.3,20705,,,
2009-06-04,14.9,16.85,14.9,16.4,43953,,,
2009-06-05,18.05,18.05,15.6,16.15,42114,,,
2009-06-08,17.2,17.2,14.9,15.1,17603,,,
2009-06-09,14.05,15.7,14.05,15.15,16029,,,
2009-06-10,14.7,16.25,14.6,15.95,27155,,,
2009-06-11,15.9,16.3,15.3,15.5,9716,,,
2009-06-12,15.1,15.1,13.95,14.1,15240,,,
2009-06-15,14.05,14.5,13.3,13.35,6211,,,
2009-06-16,12.75,13.95,12.75,13.6,4643,,,
2009-06-17,13.9,13.9,13.05,13.35,4719,,,
2009-06-18,13.8,13.8,12.6,12.75,2868,,,
2009-06-19,13.0,14.05,13.0,14.05,10077,,,
2009-06-22,14.4,14.85,13.5,13.65,10792,,,
2009-06-23,12.3,13.8,12.3,13.5,7214,,,
2009-06-24,12.8,13.8,12.8,13.7,7490,,,
2009-06-25,13.35,14.7,13.35,13.6,7229,,,
2009-06-26,14.1,14.1,13.3,13.55,2406,,,
2009-06-29,13.15,13.75,13.15,13.15,4262,,,
2009-06-30,13.0,13.15,12.35,13.0,2395,,,
2009-07-01,12.25,13.0,12.25,12.6,1513,,,
2009-07-02,12.45,12.95,12.15,12.45,2430,,,
2009-07-03,12.1,12.6,12.1,12.35,6910,,,
2009-07-06,12.15,12.35,11.65,11.8,4579,,,
2009-07-07,11.0,12.65,11.0,11.75,297,,,
2009-07-08,11.0,12.2,10.85,11.25,3250,,,
2009-07-09,11.1,12.15,11.0,11.05,3403,,,
2009-07-10,11.0,12.65,11.0,11.65,15595,,,
2009-07-13,9.65,12.5,9.6,10.9,5094,,,
2009-07-14,10.8,11.35,10.1,11.1,6176,,,
2009-07-15,11.2,12.45,11.2,12.1,6735,,,
2009-07-16,12.5,12.9,11.6,12.6,4974,,,
2009-07-17,11.3,12.8,11.3,12.05,3064,,,
2009-07-20,12.3,13.85,11.65,12.35,2520,,,
2009-07-21,12.3,12.95,11.85,12.65,4860,,,
2009-07-22,11.6,13.4,11.6,12.2,12842,,,
2009-07-23,13.0,13.0,12.0,12.45,2871,,,
2009-07-24,12.6,13.0,12.05,12.85,3597,,,
2009-07-27,12.55,15.05,12.5,14.7,41313,,,
2009-07-28,14.9,14.9,13.55,14.05,11289,,,
2009-07-29,13.5,14.15,13.25,13.85,4945,,,
2009-07-30,13.5,14.1,13.5,13.75,5066,,,
2009-07-31,14.0,14.35,13.1,13.8,6846,,,
2009-08-03,13.9,14.25,13.4,13.5,6852,,,
2009-08-04,13.5,14.7,13.5,14.0,6853,,,
2009-08-05,14.0,14.5,13.5,14.25,5178,,,
2009-08-06,14.1,14.85,14.0,14.15,6460,,,
2009-08-07,14.2,14.2,13.75,13.75,2444,,,
2009-08-10,14.05,14.1,13.5,14.0,6399,,,
2009-08-11,12.0,13.85,12.0,13.8,1234,,,
2009-08-12,13.0,13.9,13.0,13.45,2683,,,
2009-08-13,14.0,16.15,14.0,16.15,50329,,,
2009-08-14,17.9,18.0,14.75,15.25,79373,,,
2009-08-17,15.25,16.9,14.5,15.7,116135,,,
2009-08-18,15.1,16.7,15.05,15.55,94590,,,
2009-08-19,15.95,16.65,15.35,15.6,45308,,,
2009-08-20,15.5,18.25,15.5,17.0,369438,,,
2009-08-21,17.0,17.6,16.1,16.4,37748,,,
2009-08-24,17.5,18.45,16.2,17.15,159651,,,
2009-08-25,17.25,17.25,16.6,16.7,13888,,,
2009-08-26,16.8,18.0,16.4,16.85,30126,,,
2009-08-27,16.35,17.3,16.3,16.5,29815,,,
2009-08-28,16.5,17.1,16.5,16.75,35151,,,
2009-08-31,15.8,20.1,15.8,19.85,593822,,,
2009-09-01,20.3,21.95,18.0,18.95,425103,,,
2009-09-02,18.9,19.6,18.3,18.5,68997,,,
2009-09-03,19.3,19.5,18.25,18.4,31169,,,
2009-09-04,18.8,20.5,17.1,18.7,117022,,,
2009-09-07,19.0,19.4,18.2,18.55,38128,,,
2009-09-08,18.6,18.8,17.3,17.55,41189,,,
2009-09-09,17.75,18.5,17.25,17.85,41234,,,
2009-09-10,18.0,18.5,17.3,17.5,19123,,,
2009-09-11,17.35,17.4,16.7,16.95,20208,,,
2009-09-14,18.5,18.5,16.95,17.2,22668,,,
2009-09-15,17.0,18.3,17.0,17.85,22371,,,
2009-09-16,18.0,18.0,17.25,17.4,10057,,,
2009-09-17,17.0,17.95,16.95,17.4,20740,,,
2009-09-18,18.0,18.0,17.05,17.35,13476,,,
2009-09-22,17.9,17.9,16.75,17.05,13732,,,
2009-09-23,17.5,19.5,16.65,18.0,154241,,,
2009-09-24,17.8,18.75,17.6,18.1,33239,,,
2009-09-25,18.0,19.55,17.75,19.15,104624,,,
2009-09-29,19.5,21.95,19.05,20.8,271253,,,
2009-09-30,20.4,21.5,19.95,20.25,100712,,,
2009-10-01,20.8,20.8,19.05,19.35,45397,,,
2009-10-05,19.0,19.65,18.5,18.7,33191,,,
2009-10-06,19.0,19.0,17.4,17.95,28190,,,
2009-10-07,17.75,18.5,17.65,17.8,23916,,,
2009-10-08,18.0,18.55,17.55,17.9,22322,,,
2009-10-09,17.65,18.2,17.5,17.6,16254,,,
2009-10-12,17.9,17.9,17.0,17.15,17551,,,
2009-10-14,17.75,17.9,17.2,17.55,18914,,,
2009-10-15,17.4,18.0,17.25,17.3,16829,,,
2009-10-16,17.2,17.5,17.05,17.1,9323,,,
2009-10-17,17.7,17.7,17.0,17.5,2351,,,
2009-10-20,17.2,17.7,17.15,17.25,12420,,,
2009-10-21,17.5,19.85,17.05,18.7,137674,,,
2009-10-22,18.7,18.75,17.25,17.55,25338,,,
2009-10-23,17.95,18.25,17.5,17.6,21450,,,
2009-10-26,18.0,18.0,17.05,17.2,14896,,,
2009-10-27,17.15,17.5,16.1,16.35,14831,,,
2009-10-28,16.25,18.0,15.65,17.6,26082,,,
2009-10-29,17.0,17.0,16.15,16.55,11588,,,
2009-10-30,16.3,17.35,16.2,16.55,12451,,,
2009-11-03,16.5,16.9,15.5,15.75,9892,,,
2009-11-04,15.0,16.2,15.0,15.85,15238,,,
2009-11-05,15.8,16.45,15.8,16.05,11626,,,
2009-11-06,16.0,17.0,16.0,16.8,13157,,,
2009-11-09,16.9,17.15,15.6,16.25,25275,,,
2009-11-10,16.3,17.0,16.2,16.4,5984,,,
2009-11-11,16.3,16.7,16.25,16.5,6141,,,
2009-11-12,16.5,17.3,16.45,16.8,11598,,,
2009-11-13,17.25,18.7,16.75,17.75,43080,,,
2009-11-16,17.85,18.0,17.15,17.35,16149,,,
2009-11-17,17.4,17.65,16.9,17.4,2586,,,
2009-11-18,17.0,17.3,16.7,16.9,4329,,,
2009-11-19,16.95,17.25,16.5,16.55,9493,,,
2009-11-20,18.9,18.9,16.5,17.0,30730,,,
2009-11-23,16.8,17.2,16.1,16.95,22251,,,
2009-11-24,16.05,17.65,16.05,17.1,2869,,,
2009-11-25,17.65,18.4,16.7,17.2,45211,,,
2009-11-26,16.75,17.4,16.05,16.25,12687,,,
2009-11-27,16.2,16.75,15.55,15.95,9888,,,
2009-11-30,16.5,16.95,16.0,16.25,18878,,,
2009-12-01,16.5,16.9,16.35,16.65,23963,,,
2009-12-02,16.9,17.85,16.9,17.25,22005,,,
2009-12-03,17.65,20.7,17.1,19.9,151853,,,
2009-12-04,21.7,23.65,20.5,20.8,328878,,,
2009-12-07,20.8,21.25,19.2,19.75,75938,,,
2009-12-08,19.15,20.15,19.15,19.8,24387,,,
2009-12-09,19.2,20.65,19.2,20.5,31347,,,
2009-12-10,20.25,21.0,19.65,20.6,87877,,,
2009-12-11,20.0,20.3,18.9,19.15,27464,,,
2009-12-14,19.15,19.8,18.1,18.25,21445,,,
2009-12-15,19.4,19.4,18.05,18.25,11912,,,
2009-12-16,18.8,18.8,18.0,18.55,11469,,,
2009-12-17,18.4,20.5,18.4,18.95,122080,,,
2009-12-18,19.0,19.7,18.4,18.55,26627,,,
2009-12-21,18.5,19.5,18.5,18.95,25447,,,
2009-12-22,19.4,19.5,18.9,19.1,13094,,,
2009-12-23,18.8,20.0,18.8,19.5,26785,,,
2009-12-24,19.1,19.8,16.1,18.85,38782,,,
2009-12-29,19.2,19.4,18.7,18.9,13802,,,
2009-12-30,18.5,21.35,18.5,20.25,158795,,,
2009-12-31,21.45,21.45,19.55,19.85,21901,,,
2010-01-04,20.05,21.9,20.0,20.85,82432,,,
2010-01-05,21.55,21.9,20.1,20.4,33162,,,
2010-01-06,20.75,24.0,20.0,22.75,456541,,,
2010-01-07,23.15,23.2,21.65,21.85,93168,,,
2010-01-08,21.5,22.6,21.0,21.2,40435,,,
2010-01-11,24.0,24.0,20.65,21.5,29301,,,
2010-01-12,21.4,22.5,20.5,20.85,58246,,,
2010-01-13,21.0,21.5,20.4,20.7,35089,,,
2010-01-14,21.25,21.95,20.85,21.0,29414,,,
2010-01-15,21.35,21.5,20.9,20.95,22440,,,
2010-01-18,20.15,21.4,20.15,20.95,19816,,,
2010-01-19,21.0,22.4,20.55,21.15,63416,,,
2010-01-20,21.5,23.7,20.85,21.6,212891,,,
2010-01-21,21.4,22.65,19.2,20.5,71334,,,
2010-01-22,19.15,20.1,19.0,19.7,31382,,,
2010-01-25,20.95,20.95,19.1,19.5,10346,,,
2010-01-27,19.15,20.2,18.75,18.75,18010,,,
2010-01-28,18.75,19.15,18.05,18.2,16643,,,
2010-01-29,17.8,18.6,17.55,18.4,10902,,,
2010-02-01,18.0,19.8,18.0,19.25,11074,,,
2010-02-02,19.7,19.8,18.85,18.9,30358,,,
2010-02-03,19.25,19.65,18.15,18.8,13021,,,
2010-02-04,18.3,19.9,18.3,19.0,9258,,,
2010-02-05,18.0,18.7,17.95,18.05,12365,,,
2010-02-06,18.3,18.9,18.15,18.4,1351,,,
2010-02-08,18.45,19.25,18.3,18.65,13886,,,
2010-02-09,18.4,18.95,18.4,18.45,6349,,,
2010-02-10,19.0,19.5,18.6,18.7,11987,,,
2010-02-11,19.0,19.65,18.75,18.8,6487,,,
2010-02-15,22.5,22.5,18.5,18.6,6935,,,
2010-02-16,18.5,19.1,18.45,18.65,3398,,,
2010-02-17,18.85,19.2,18.5,18.55,5811,,,
2010-02-18,18.3,18.95,17.7,17.95,20887,,,
2010-02-19,18.0,18.0,17.15,17.5,6339,,,
2010-02-22,17.6,18.0,17.15,17.15,3797,,,
2010-02-23,16.35,17.65,16.35,17.1,11521,,,
2010-02-24,16.6,17.4,16.5,16.95,6570,,,
2010-02-25,17.5,17.5,16.6,16.8,3621,,,
2010-02-26,17.4,17.45,16.6,16.95,12869,,,
2010-03-02,17.05,17.85,17.05,17.4,4211,,,
2010-03-03,17.55,18.1,17.45,17.6,11397,,,
2010-03-04,17.55,18.45,17.5,18.05,11908,,,
2010-03-05,18.9,18.9,17.85,17.95,6780,,,
2010-03-08,18.55,18.55,18.0,18.1,13661,,,
2010-03-09,18.4,18.5,17.15,18.05,17720,,,
2010-03-10,17.7,18.35,17.25,17.55,8555,,,
2010-03-11,18.0,18.0,17.25,17.4,10097,,,
2010-03-12,17.4,18.0,17.0,17.15,15035,,,
2010-03-15,16.85,17.5,16.3,17.1,12636,,,
2010-03-16,17.0,19.0,17.0,18.05,28230,,,
2010-03-17,18.05,21.7,17.7,21.2,370833,,,
2010-03-18,21.35,22.1,19.35,19.75,276711,,,
2010-03-19,20.5,23.2,20.1,22.35,862197,,,
2010-03-22,20.75,22.6,20.75,21.15,124589,,,
2010-03-23,21.5,23.25,20.65,22.15,187224,,,
2010-03-25,22.5,23.6,22.35,22.55,146776,,,
2010-03-26,23.25,23.25,21.3,21.6,50610,,,
2010-03-29,20.7,21.95,20.1,20.3,33753,,,
2010-03-30,21.0,21.0,19.55,19.95,26913,,,
2010-03-31,20.0,20.25,18.9,19.4,54937,,,
2010-04-01,19.25,20.75,19.25,20.2,21716,,,
2010-04-05,20.5,21.55,20.15,21.1,33863,,,
2010-04-06,21.5,21.6,20.55,20.75,21480,,,
2010-04-07,21.0,21.05,20.45,20.5,29947,,,
2010-04-08,20.5,20.9,19.9,20.1,20030,,,
2010-04-09,19.55,21.75,19.55,21.0,68430,,,
2010-04-12,21.3,21.7,20.6,20.75,24377,,,
2010-04-13,20.95,21.1,20.4,20.5,5317,,,
2010-04-15,20.8,21.4,20.1,20.65,26840,,,
2010-04-16,20.5,21.0,20.2,20.6,28813,,,
2010-04-19,20.2,20.5,19.5,20.0,22561,,,
2010-04-20,19.7,22.0,19.7,20.95,40531,,,
2010-04-21,21.0,22.45,21.0,21.4,62533,,,
2010-04-22,21.5,24.15,21.35,22.95,380070,,,
2010-04-23,23.4,23.95,22.1,22.3,111005,,,
2010-04-26,22.3,24.7,22.2,23.7,391671,,,
2010-04-27,23.35,25.2,23.35,23.95,163472,,,
2010-04-28,23.5,23.6,22.3,22.55,51055,,,
2010-04-29,22.25,23.65,22.25,23.0,40865,,,
2010-04-30,24.4,24.4,22.75,22.9,28365,,,
2010-05-03,22.2,23.7,22.2,22.7,46009,,,
2010-05-04,22.45,23.15,22.25,22.55,26889,,,
2010-05-05,22.0,22.3,21.25,22.1,29640,,,
2010-05-06,22.25,23.0,21.7,21.85,41513,,,
2010-05-07,21.25,21.8,20.0,20.9,26842,,,
2010-05-10,22.1,22.85,21.0,22.1,67498,,,
2010-05-11,23.6,24.45,20.4,23.05,343098,,,
2010-05-12,23.7,24.1,22.25,22.55,63983,,,
2010-05-13,22.9,24.1,22.7,22.95,130685,,,
2010-05-14,23.5,23.95,22.1,22.5,109290,,,
2010-05-17,21.7,22.6,21.6,22.25,19642,,,
2010-05-18,22.1,23.0,22.0,22.55,30005,,,
2010-05-19,22.3,22.55,20.9,21.05,19006,,,
2010-05-20,22.3,22.3,20.75,20.9,33606,,,
2010-05-21,20.55,20.55,19.7,19.95,19723,,,
2010-05-24,20.2,21.4,20.05,20.25,59362,,,
2010-05-25,21.15,21.15,20.1,20.2,71426,,,
2010-05-26,21.0,21.0,19.85,20.0,19632,,,
2010-05-27,19.85,21.05,19.65,20.05,51222,,,
2010-05-28,20.25,20.45,19.6,19.7,18394,,,
2010-05-31,19.8,20.4,19.65,20.1,25606,,,
2010-06-01,20.0,20.8,20.0,20.05,12327,,,
2010-06-02,20.0,20.6,20.0,20.4,13615,,,
2010-06-03,20.75,20.75,20.1,20.35,7372,,,
2010-06-04,20.1,20.3,19.8,20.05,6530,,,
2010-06-07,19.65,20.0,19.0,19.9,7009,,,
2010-06-08,19.2,20.55,19.0,19.75,15922,,,
2010-06-09,19.75,20.2,19.65,19.85,13881,,,
2010-06-10,19.85,20.1,19.75,20.0,10026,,,
2010-06-11,20.2,20.45,19.8,20.15,11570,,,
2010-06-14,20.05,20.65,20.05,20.25,10410,,,
2010-06-15,20.2,21.0,20.15,20.5,26315,,,
2010-06-16,20.95,21.9,20.35,20.8,67278,,,
2010-06-17,21.0,22.15,20.5,21.7,59578,,,
2010-06-18,21.5,22.0,21.05,21.1,18299,,,
2010-06-21,21.15,22.0,21.05,21.1,18205,,,
2010-06-22,21.1,21.35,21.0,21.15,7574,,,
2010-06-23,21.2,21.55,20.75,21.0,25387,,,
2010-06-24,21.8,21.9,21.3,21.45,14927,,,
2010-06-25,21.15,21.5,21.0,21.15,17302,,,
2010-06-28,21.3,21.75,20.9,21.2,17059,,,
2010-06-29,20.7,21.15,20.7,20.9,12358,,,
2010-06-30,21.4,22.0,20.85,21.6,27695,,,
2010-07-01,21.9,22.4,21.4,22.2,29580,,,
2010-07-02,22.5,23.0,21.5,21.55,14095,,,
2010-07-05,21.9,22.25,21.6,21.75,19217,,,
2010-07-06,21.6,21.95,21.3,21.45,22662,,,
2010-07-07,21.7,22.25,21.4,21.55,17911,,,
2010-07-08,21.7,24.7,21.7,24.15,333619,,,
2010-07-09,24.25,24.45,23.0,23.25,82548,,,
2010-07-12,22.3,24.0,22.3,22.6,12508,,,
2010-07-13,23.6,23.6,22.25,22.6,13517,,,
2010-07-14,22.85,23.65,22.4,22.55,22793,,,
2010-07-15,22.15,23.0,21.9,22.25,52577,,,
2010-07-16,22.2,22.65,21.9,22.1,24462,,,
2010-07-19,21.5,22.4,21.35,21.65,20997,,,
2010-07-20,22.4,22.85,21.6,22.5,20532,,,
2010-07-21,22.7,23.0,22.3,22.4,7700,,,
2010-07-22,22.3,22.8,22.25,22.55,12459,,,
2010-07-23,22.95,23.9,22.0,22.2,24520,,,
2010-07-26,23.0,23.0,21.7,22.2,32596,,,
2010-07-27,22.8,22.8,22.0,22.0,6563,,,
2010-07-28,22.65,22.65,21.85,22.3,10157,,,
2010-07-29,22.7,22.75,21.25,21.35,12096,,,
2010-07-30,21.95,22.0,21.2,21.35,5296,,,
2010-08-02,21.8,21.8,21.2,21.3,7848,,,
2010-08-03,21.5,23.1,21.5,22.75,69290,,,
2010-08-04,23.0,23.0,22.35,22.4,9080,,,
2010-08-05,22.4,22.75,21.45,21.9,11179,,,
2010-08-06,22.5,22.8,21.6,22.55,34750,,,
2010-08-09,21.5,22.9,21.5,22.3,20284,,,
2010-08-10,22.8,22.85,22.1,22.1,14787,,,
2010-08-11,21.85,22.9,21.6,21.95,15712,,,
2010-08-12,23.0,23.0,21.5,21.7,6054,,,
2010-08-13,22.35,22.4,21.6,21.85,14664,,,
2010-08-16,22.95,24.75,22.95,23.75,211104,,,
2010-08-17,24.1,24.4,23.1,23.4,61958,,,
2010-08-18,23.95,24.4,23.35,23.85,60175,,,
2010-08-19,24.0,26.9,24.0,25.7,484844,,,
2010-08-20,26.0,27.1,26.0,26.3,156659,,,
2010-08-23,26.75,26.75,25.3,25.45,47099,,,
2010-08-24,25.9,26.5,25.4,25.5,56243,,,
2010-08-25,26.0,27.3,24.9,26.0,257108,,,
2010-08-26,26.4,26.85,25.6,25.9,37400,,,
2010-08-27,25.75,29.3,25.1,27.1,378878,,,
2010-08-30,27.4,28.45,26.4,27.0,152324,,,
2010-08-31,26.65,27.4,25.5,27.1,127450,,,
2010-09-01,27.0,27.3,26.5,26.75,29978,,,
2010-09-02,27.4,27.5,26.4,26.45,44019,,,
2010-09-03,26.45,27.45,26.3,26.55,68965,,,
2010-09-06,26.95,27.4,26.35,26.95,70804,,,
2010-09-07,26.95,27.5,26.5,26.85,35526,,,
2010-09-08,26.65,27.2,26.5,26.8,27529,,,
2010-09-09,26.55,27.0,26.5,26.6,28705,,,
2010-09-13,27.4,27.4,26.15,26.35,36904,,,
2010-09-14,26.9,26.9,26.0,26.05,15444,,,
2010-09-15,26.0,26.4,25.5,25.6,17501,,,
2010-09-16,26.15,26.15,25.15,25.5,14554,,,
2010-09-17,25.0,25.8,25.0,25.2,81937,,,
2010-09-20,25.2,27.7,25.2,26.4,104232,,,
2010-09-21,26.4,27.0,25.9,26.2,43165,,,
2010-09-22,26.7,26.7,25.2,25.3,22125,,,
2010-09-23,25.35,26.3,25.2,25.7,29484,,,
2010-09-24,25.55,26.2,25.4,25.5,16297,,,
2010-09-27,26.05,27.1,25.7,25.95,49431,,,
2010-09-28,26.1,26.5,25.7,25.95,16798,,,
2010-09-29,25.75,26.3,25.25,25.4,14717,,,
2010-09-30,25.8,26.4,24.85,25.45,77423,,,
2010-10-01,25.7,26.85,25.6,26.1,45779,,,
2010-10-04,25.3,26.6,25.3,25.65,23732,,,
2010-10-05,25.6,26.25,25.55,25.8,14740,,,
2010-10-06,26.9,26.9,25.95,26.2,41997,,,
2010-10-07,26.2,26.45,25.6,25.6,22491,,,
2010-10-08,25.7,26.45,25.2,25.45,17348,,,
2010-10-11,25.6,26.0,25.35,25.4,5817,,,
2010-10-12,25.5,25.8,25.25,25.5,13521,,,
2010-10-13,26.0,26.15,25.35,25.8,21413,,,
2010-10-14,25.55,26.0,25.5,25.85,27317,,,
2010-10-15,25.9,26.65,25.4,25.5,34912,,,
2010-10-18,25.1,25.65,25.0,25.4,10945,,,
2010-10-19,28.15,28.15,25.6,25.8,14123,,,
2010-10-20,26.7,26.7,25.5,25.5,12542,,,
2010-10-21,25.7,26.0,25.4,25.5,17598,,,
2010-10-22,26.6,26.6,25.15,25.25,17362,,,
2010-10-25,25.75,25.75,25.1,25.25,13730,,,
2010-10-26,25.5,25.75,25.15,25.25,17067,,,
2010-10-27,26.0,26.25,24.0,25.85,36441,,,
2010-10-28,25.85,27.45,25.85,26.2,86326,,,
2010-10-29,25.65,26.45,25.25,25.45,12647,,,
2010-11-01,29.0,29.0,25.2,25.75,13455,,,
2010-11-02,26.85,26.85,25.0,25.8,21089,,,
2010-11-03,25.55,26.7,25.55,25.75,14369,,,
2010-11-04,25.7,26.4,25.5,25.6,28391,,,
2010-11-05,25.3,26.3,25.3,26.05,3112,,,
2010-11-08,26.55,27.9,26.25,27.25,82036,,,
2010-11-09,27.5,28.25,27.1,27.75,47735,,,
2010-11-10,27.1,28.25,27.1,27.75,26981,,,
2010-11-11,27.5,28.7,27.5,28.1,55014,,,
2010-11-12,28.5,28.6,26.25,26.6,35071,,,
2010-11-15,27.3,27.3,26.1,26.85,25245,,,
2010-11-16,25.8,26.85,25.3,25.6,13769,,,
2010-11-18,26.0,26.1,24.6,24.85,31629,,,
2010-11-19,25.0,25.0,24.4,24.55,9918,,,
2010-11-22,24.0,24.95,24.0,24.45,14737,,,
2010-11-23,24.4,24.5,23.05,23.35,20715,,,
2010-11-24,23.25,26.85,23.25,24.85,89121,,,
2010-11-25,25.1,25.45,23.55,23.9,17115,,,
2010-11-26,23.2,23.6,20.8,22.3,47210,,,
2010-11-29,24.0,24.0,22.5,22.95,18875,,,
2010-11-30,23.35,23.7,22.55,23.5,15917,,,
2010-12-01,23.6,24.5,23.2,24.0,15477,,,
2010-12-02,23.15,24.7,23.15,23.95,15643,,,
2010-12-03,23.95,24.45,23.0,23.2,7406,,,
2010-12-06,23.55,23.95,23.0,23.2,10163,,,
2010-12-07,23.0,23.4,22.5,22.95,5438,,,
2010-12-08,23.75,23.8,21.4,22.45,10617,,,
2010-12-09,22.45,22.5,21.6,21.65,13225,,,
2010-12-10,21.2,22.5,20.85,21.9,17063,,,
2010-12-13,21.75,23.3,21.75,23.1,3732,,,
2010-12-14,22.3,23.1,22.3,22.7,4623,,,
2010-12-15,23.5,23.65,22.7,23.1,3471,,,
2010-12-16,21.05,23.3,20.35,22.75,3328,,,
2010-12-20,23.1,23.2,22.0,23.0,6318,,,
2010-12-21,24.3,24.3,22.5,22.75,2166,,,
2010-12-22,23.95,23.95,22.5,22.55,8383,,,
2010-12-23,21.65,23.45,21.65,22.75,3951,,,
2010-12-24,23.2,23.2,22.2,22.3,7693,,,
2010-12-27,21.5,23.45,21.5,22.7,7000,,,
2010-12-28,22.3,22.9,22.3,22.65,4609,,,
2010-12-29,22.8,23.4,22.75,22.85,11477,,,
2010-12-30,23.0,23.25,22.45,22.65,8825,,,
2010-12-31,22.55,23.1,22.5,22.8,6841,,,
2011-01-03,22.95,24.1,22.95,23.3,16107,,,
2011-01-04,24.95,24.95,23.15,23.45,6984,,,
2011-01-05,24.5,24.5,22.9,23.15,9001,,,
2011-01-06,23.9,23.9,22.8,22.85,5052,,,
2011-01-07,24.0,24.0,22.0,22.2,18384,,,
2011-01-10,22.8,22.8,21.5,21.65,11325,,,
2011-01-11,21.7,22.3,21.5,22.0,27010,,,
2011-01-12,21.85,22.35,21.7,22.05,11341,,,
2011-01-13,21.1,22.3,21.1,21.75,1813,,,
2011-01-14,22.4,22.4,21.4,21.9,10142,,,
2011-01-17,21.7,22.0,20.7,21.1,8326,,,
2011-01-18,21.1,21.4,20.75,20.95,6468,,,
2011-01-19,20.9,21.3,20.8,20.8,3006,,,
2011-01-20,19.15,21.25,19.15,20.55,2894,,,
2011-01-21,19.5,23.7,19.5,20.95,12512,,,
2011-01-24,21.0,21.1,20.7,20.95,5814,,,
2011-01-25,20.8,21.0,20.3,20.5,8691,,,
2011-01-27,20.15,21.0,20.15,20.35,1374,,,
2011-01-28,20.0,20.7,18.65,19.35,5206,,,
2011-01-31,18.65,19.25,17.95,18.9,11800,,,
2011-02-01,18.5,19.15,18.25,18.4,16395,,,
2011-02-02,20.9,20.9,18.0,18.5,22179,,,
2011-02-03,18.25,19.0,18.25,18.95,5602,,,
2011-02-04,19.0,19.15,18.75,18.95,2957,,,
2011-02-07,18.5,18.95,18.15,18.8,9506,,,
2011-02-08,18.8,19.7,18.65,18.75,8619,,,
2011-02-09,18.0,19.5,16.05,16.3,29865,,,
2011-02-10,15.85,16.1,14.65,14.8,43767,,,
2011-02-11,15.1,16.4,14.85,16.2,12924,,,
2011-02-14,15.1,15.8,14.8,15.45,35671,,,
2011-02-15,16.1,16.15,15.55,15.9,20426,,,
2011-02-16,16.0,16.3,15.85,15.95,11039,,,
2011-02-17,16.0,16.75,16.0,16.5,10348,,,
2011-02-18,16.9,16.9,15.6,15.65,12286,,,
2011-02-21,16.6,16.6,15.5,16.0,5264,,,
2011-02-22,16.6,16.6,15.15,15.45,3639,,,
2011-02-23,16.4,16.4,15.0,15.6,2627,,,
2011-02-24,15.5,16.2,14.5,14.7,11988,,,
2011-02-25,14.6,15.0,14.6,15.0,1533,,,
2011-02-28,14.5,15.5,14.5,14.8,4104,,,
2011-03-01,14.8,15.9,14.8,15.75,6066,,,
2011-03-03,15.6,15.6,15.1,15.25,7933,,,
2011-03-04,15.55,15.8,15.3,15.65,1446,,,
2011-03-07,15.6,15.65,15.25,15.6,4706,,,
2011-03-08,14.45,15.9,14.45,15.4,3205,,,
2011-03-09,14.15,15.7,14.15,15.15,6204,,,
2011-03-10,15.1,15.25,15.05,15.05,2060,,,
2011-03-11,14.75,15.5,14.75,15.4,1494,,,
2011-03-14,15.0,15.8,14.95,15.0,1874,,,
2011-03-15,14.5,15.4,14.4,14.95,2369,,,
2011-03-16,15.7,15.7,14.85,14.9,4752,,,
2011-03-17,14.85,15.2,14.85,14.95,6389,,,
2011-03-18,15.2,15.2,14.8,14.9,5281,,,
2011-03-21,15.0,15.25,14.5,14.7,8886,,,
2011-03-22,14.6,15.0,14.5,14.65,8081,,,
2011-03-23,14.65,14.85,14.4,14.55,1157,,,
2011-03-24,16.75,16.75,14.6,15.05,4661,,,
2011-03-25,14.85,15.25,14.75,14.95,16219,,,
2011-03-28,15.4,15.4,14.95,15.0,6030,,,
2011-03-29,14.2,15.4,14.2,15.05,9831,,,
2011-03-30,15.6,15.6,14.8,15.15,2933,,,
2011-03-31,16.0,16.0,15.15,15.65,4619,,,
2011-04-01,15.6,16.0,15.5,15.65,6781,,,
2011-04-04,16.0,16.75,16.0,16.45,10858,,,
2011-04-05,16.6,17.4,16.5,17.4,8745,,,
2011-04-06,17.95,17.95,17.15,17.4,12684,,,
2011-04-07,16.95,17.95,16.95,17.8,9776,,,
2011-04-08,17.3,18.5,17.0,17.65,11134,,,
2011-04-11,18.0,18.0,17.45,17.45,5781,,,
2011-04-13,17.2,17.5,17.1,17.5,4021,,,
2011-04-15,16.05,17.95,16.05,17.25,6156,,,
2011-04-18,17.8,17.8,17.05,17.6,1543,,,
2011-04-19,16.65,17.5,16.65,17.1,913,,,
2011-04-20,17.2,17.5,17.1,17.25,4075,,,
2011-04-21,17.5,17.9,17.3,17.45,5226,,,
2011-04-25,17.2,17.75,17.1,17.7,3777,,,
2011-04-26,17.55,17.75,17.25,17.6,1892,,,
2011-04-27,17.4,17.7,17.3,17.55,1548,,,
2011-04-28,17.5,18.0,17.3,17.3,10203,,,
2011-04-29,17.4,17.4,16.9,16.95,5323,,,
2011-05-02,15.9,17.0,15.75,16.9,10292,,,
2011-05-03,18.0,18.0,16.4,16.45,4059,,,
2011-05-04,16.9,16.9,15.95,16.35,5343,,,
2011-05-05,16.95,16.95,16.1,16.15,3820,,,
2011-05-06,16.9,16.9,16.2,16.5,1660,,,
2011-05-09,16.5,16.5,16.0,16.0,3194,,,
2011-05-10,16.2,17.25,15.9,16.15,5198,,,
2011-05-11,16.1,16.85,16.1,16.35,2139,,,
2011-05-12,16.25,16.8,16.0,16.3,3796,,,
2011-05-13,15.1,16.4,15.1,16.1,9529,,,
2011-05-16,15.35,15.4,14.15,14.3,37662,,,
2011-05-17,14.1,14.5,14.1,14.15,9668,,,
2011-05-18,13.95,14.5,13.85,14.15,5922,,,
2011-05-19,14.05,14.45,13.85,14.0,4628,,,
2011-05-20,14.05,14.35,14.0,14.0,2450,,,
2011-05-23,14.9,14.9,13.95,13.95,4364,,,
2011-05-24,14.45,14.45,13.95,14.0,3442,,,
2011-05-25,13.85,14.4,13.6,13.8,4794,,,
2011-05-26,14.05,14.05,13.75,13.8,664,,,
2011-05-27,13.8,14.65,13.05,13.9,7724,,,
2011-05-30,13.6,14.0,13.6,13.85,2086,,,
2011-05-31,14.0,14.75,13.75,14.5,12886,,,
2011-06-01,14.85,15.65,14.75,15.25,19433,,,
2011-06-02,15.25,15.5,15.05,15.1,5665,,,
2011-06-03,15.3,15.55,15.3,15.45,1334,,,
2011-06-06,15.25,15.65,15.25,15.3,2589,,,
2011-06-07,15.6,15.6,15.1,15.25,2001,,,
2011-06-08,15.5,15.5,15.2,15.2,1241,,,
2011-06-09,15.85,15.9,15.25,15.6,616,,,
2011-06-10,15.7,15.7,15.3,15.7,2312,,,
2011-06-13,15.05,15.5,15.05,15.25,1601,,,
2011-06-14,15.25,15.55,15.0,15.25,2507,,,
2011-06-15,15.5,15.5,14.85,14.9,1591,,,
2011-06-16,14.05,15.8,14.05,14.9,3069,,,
2011-06-17,14.25,15.45,14.25,14.85,6506,,,
2011-06-20,17.5,17.5,13.8,14.0,3146,,,
2011-06-21,16.0,16.0,13.7,13.8,6399,,,
2011-06-22,14.4,14.4,13.75,13.85,4786,,,
2011-06-23,13.75,14.0,13.75,14.0,920,,,
2011-06-24,13.8,14.25,13.75,14.0,3152,,,
2011-06-27,13.55,14.5,13.55,14.35,658,,,
2011-06-28,14.5,14.5,14.0,14.3,1057,,,
2011-06-29,14.15,14.45,14.15,14.3,551,,,
2011-06-30,14.65,14.65,14.15,14.15,3952,,,
2011-07-01,14.05,14.5,14.05,14.5,671,,,
2011-07-04,15.95,15.95,14.1,14.3,3951,,,
2011-07-05,13.25,14.9,13.25,14.9,599,,,
2011-07-06,14.95,14.95,14.4,14.5,4582,,,
2011-07-07,14.4,14.75,14.25,14.35,2561,,,
2011-07-08,14.7,14.75,14.1,14.4,7577,,,
2011-07-11,14.4,14.6,14.1,14.6,2851,,,
2011-07-12,14.5,14.8,14.3,14.35,886,,,
2011-07-13,15.5,16.9,14.0,16.0,55427,,,
2011-07-14,16.2,16.45,15.4,16.1,19086,,,
2011-07-15,16.4,16.4,15.95,16.1,4568,,,
2011-07-18,16.3,16.3,15.5,15.55,4460,,,
2011-07-19,15.4,15.75,15.25,15.4,2243,,,
2011-07-20,14.3,15.9,14.3,15.1,3360,,,
2011-07-21,15.0,15.5,15.0,15.0,3012,,,
2011-07-22,15.0,15.05,14.8,15.05,2273,,,
2011-07-25,14.75,15.6,14.75,15.45,4622,,,
2011-07-26,15.2,15.2,15.15,15.2,568,,,
2011-07-27,15.0,15.05,14.95,14.95,1990,,,
2011-07-28,14.95,15.1,14.75,15.1,990,,,
2011-07-29,14.9,14.9,14.7,14.7,2606,,,
2011-08-01,14.6,14.9,13.55,14.45,6322,,,
2011-08-02,14.45,15.0,14.3,14.3,3597,,,
2011-08-03,14.25,14.95,14.15,14.35,3181,,,
2011-08-04,14.5,14.95,14.45,14.5,2930,,,
2011-08-05,14.15,14.4,13.5,13.85,5701,,,
2011-08-08,13.05,14.0,12.55,12.95,8954,,,
2011-08-09,12.0,13.4,11.35,13.0,6013,,,
2011-08-10,12.25,13.75,12.0,13.75,7900,,,
2011-08-11,12.85,14.45,12.85,13.5,2105,,,
2011-08-12,13.35,14.6,13.35,13.75,906,,,
2011-08-16,15.4,15.4,12.25,12.3,9059,,,
2011-08-17,12.45,12.6,12.1,12.55,7515,,,
2011-08-18,12.9,13.15,12.05,12.1,4806,,,
2011-08-19,12.0,12.25,11.55,12.2,4652,,,
2011-08-22,12.55,12.55,12.0,12.45,3084,,,
2011-08-23,12.15,12.8,12.15,12.55,1057,,,
2011-08-24,12.9,12.95,12.5,12.55,2548,,,
2011-08-25,12.05,12.9,12.0,12.65,7422,,,
2011-08-26,12.5,12.75,12.2,12.3,2221,,,
2011-08-29,12.15,12.8,12.15,12.75,1500,,,
2011-08-30,13.3,13.4,12.9,13.15,5750,,,
2011-09-02,13.1,13.5,13.1,13.25,3534,,,
2011-09-05,12.55,13.2,12.55,13.2,321,,,
2011-09-06,13.15,13.15,12.9,13.0,1795,,,
2011-09-07,13.1,13.3,13.1,13.15,1099,,,
2011-09-08,13.9,14.35,13.7,14.05,4854,,,
2011-09-09,13.75,13.9,13.75,13.8,1453,,,
2011-09-12,13.7,13.85,13.5,13.6,2590,,,
2011-09-13,13.65,14.0,13.5,13.75,3292,,,
2011-09-14,14.4,14.4,13.75,13.75,9084,,,
2011-09-15,13.75,14.0,13.75,14.0,800,,,
2011-09-16,13.45,13.95,13.4,13.9,1276,,,
2011-09-19,14.25,14.25,13.4,14.2,6701,,,
2011-09-20,14.3,14.55,14.2,14.55,6668,,,
2011-09-21,14.15,14.9,14.15,14.3,6701,,,
2011-09-22,13.65,14.0,13.65,13.85,1113,,,
2011-09-23,13.6,13.95,13.1,13.15,2051,,,
2011-09-26,13.1,13.15,12.3,12.35,10615,,,
2011-09-27,12.1,13.4,12.1,13.05,2775,,,
2011-09-28,13.0,13.0,12.75,12.9,1455,,,
2011-09-29,12.55,12.8,12.55,12.8,1174,,,
2011-09-30,12.75,12.75,12.75,12.75,650,,,
2011-10-03,12.2,12.4,12.2,12.4,2314,,,
2011-10-04,12.0,12.9,12.0,12.3,950,,,
2011-10-05,12.0,12.8,12.0,12.1,4496,,,
2011-10-07,11.75,12.75,11.75,11.85,12071,,,
2011-10-10,12.05,12.05,12.05,12.05,150,,,
2011-10-11,12.2,12.3,11.7,12.0,6689,,,
2011-10-12,12.0,12.75,12.0,12.75,301,,,
2011-10-13,12.35,13.35,12.1,12.85,3633,,,
2011-10-14,12.35,12.7,12.0,12.2,4901,,,
2011-10-17,12.0,12.5,12.0,12.0,1375,,,
2011-10-18,12.35,12.5,12.0,12.15,852,,,
2011-10-19,12.4,12.65,12.05,12.4,2083,,,
2011-10-20,12.55,13.25,12.55,13.0,4088,,,
2011-10-21,11.85,13.4,11.85,13.15,1329,,,
2011-10-24,13.0,13.0,12.5,12.75,1100,,,
2011-10-25,13.25,13.25,12.0,12.85,2806,,,
2011-10-26,12.5,13.25,12.5,13.15,263,,,
2011-10-28,13.05,13.05,12.15,12.25,6288,,,
2011-10-31,12.65,13.25,12.55,13.05,2136,,,
2011-11-01,12.75,12.9,12.6,12.9,500,,,
2011-11-02,13.0,13.1,12.55,12.6,3781,,,
2011-11-03,12.55,12.6,12.3,12.3,1761,,,
2011-11-04,13.0,13.0,12.45,12.5,4993,,,
2011-11-08,12.5,12.85,12.0,12.65,6803,,,
2011-11-09,13.0,13.4,12.5,12.5,1979,,,
2011-11-11,12.5,12.55,12.25,12.5,2731,,,
2011-11-14,12.7,12.95,12.35,12.35,2614,,,
2011-11-15,12.15,12.35,11.85,12.0,6643,,,
2011-11-16,11.65,12.0,11.25,11.45,3259,,,
2011-11-17,11.55,11.85,11.45,11.6,3030,,,
2011-11-18,11.15,11.65,10.85,11.15,3668,,,
2011-11-21,11.95,11.95,11.0,11.05,2708,,,
2011-11-22,10.6,11.4,10.6,11.25,1523,,,
2011-11-23,11.6,11.95,10.6,11.95,2772,,,
2011-11-24,11.0,11.25,11.0,11.2,2438,,,
2011-11-25,11.25,11.4,11.0,11.15,2080,,,
2011-11-28,11.75,11.75,11.1,11.1,2812,,,
2011-11-29,11.5,12.0,11.5,11.5,1016,,,
2011-11-30,11.95,12.0,11.7,11.9,3385,,,
2011-12-01,11.55,12.0,11.55,11.85,1587,,,
2011-12-02,11.75,12.0,11.75,11.75,1200,,,
2011-12-05,11.5,11.75,11.5,11.7,521,,,
2011-12-07,11.55,12.3,11.5,11.8,1464,,,
2011-12-08,11.85,11.85,11.65,11.75,305,,,
2011-12-09,11.5,11.5,11.2,11.2,1902,,,
2011-12-12,11.5,11.5,11.25,11.25,600,,,
2011-12-13,10.65,11.55,10.65,11.15,1980,,,
2011-12-14,11.5,11.5,11.25,11.35,505,,,
2011-12-15,11.05,11.05,10.4,10.6,5454,,,
2011-12-16,10.75,11.2,10.3,10.7,761,,,
2011-12-19,10.4,11.05,10.2,10.25,3131,,,
2011-12-20,10.05,10.25,9.85,9.95,19338,,,
2011-12-21,10.5,10.5,9.75,9.8,11706,,,
2011-12-22,10.0,10.2,9.7,10.0,4726,,,
2011-12-23,9.8,10.8,9.8,10.0,12641,,,
2011-12-26,10.05,10.45,10.0,10.15,1612,,,
2011-12-27,10.85,10.85,10.25,10.55,930,,,
2011-12-28,10.65,10.65,10.35,10.4,428,,,
2011-12-29,10.5,10.8,10.35,10.45,2757,,,
2011-12-30,10.95,11.05,10.6,10.75,1516,,,
2012-01-02,10.65,11.0,10.65,10.85,247,,,
2012-01-03,11.1,11.2,10.6,11.1,3186,,,
2012-01-04,11.1,11.8,11.1,11.45,4862,,,
2012-01-05,11.55,11.95,11.4,11.4,6852,,,
2012-01-06,11.1,11.8,11.1,11.25,12,,,
2012-01-07,11.05,11.05,11.05,11.05,25,,,
2012-01-09,11.0,11.15,11.0,11.15,203,,,
2012-01-10,11.75,12.05,11.75,12.05,101,,,
2012-01-11,11.8,13.6,11.8,12.45,6858,,,
2012-01-12,13.0,13.0,12.35,12.45,781,,,
2012-01-13,12.35,13.0,11.35,12.7,746,,,
2012-01-16,13.7,13.7,12.5,12.9,1675,,,
2012-01-17,12.6,12.65,12.3,12.4,884,,,
2012-01-19,12.3,12.4,12.3,12.35,7827,,,
2012-01-20,13.45,13.45,12.05,12.5,625,,,
2012-01-23,12.75,12.75,12.75,12.75,1,,,
2012-01-24,12.1,12.25,10.55,11.65,6557,,,
2012-01-25,12.5,12.65,11.75,12.65,2004,,,
2012-01-27,13.0,13.5,12.25,13.05,9391,,,
2012-01-30,13.0,13.4,12.5,12.55,2903,,,
2012-01-31,12.25,13.05,12.25,13.0,5825,,,
2012-02-01,13.0,13.5,12.75,13.45,3556,,,
2012-02-02,13.0,14.15,12.75,13.9,16016,,,
2012-02-03,15.85,15.9,13.4,14.2,5043,,,
2012-02-06,14.0,14.9,13.9,14.05,11255,,,
2012-02-07,14.65,14.9,13.65,14.1,7294,,,
2012-02-08,13.8,14.4,13.8,14.25,1699,,,
2012-02-09,14.5,14.7,14.15,14.55,4731,,,
2012-02-10,14.5,14.8,14.2,14.3,3189,,,
2012-02-13,14.3,14.5,14.0,14.5,4687,,,
2012-02-14,14.75,15.6,14.45,15.1,22946,,,
2012-02-15,15.2,16.0,14.5,15.85,23351,,,
2012-02-16,15.85,17.0,15.2,15.7,2213,,,
2012-02-17,16.0,16.0,15.25,15.75,4829,,,
2012-02-21,15.8,16.5,15.8,16.1,9201,,,
2012-02-22,16.0,16.0,15.35,15.5,2692,,,
2012-02-23,15.5,15.5,14.3,14.35,1563,,,
2012-02-24,15.0,15.0,14.25,14.65,3898,,,
2012-02-27,14.2,14.25,13.85,13.85,822,,,
2012-02-28,13.9,14.8,13.9,14.0,657,,,
2012-02-29,14.15,14.15,14.0,14.0,1098,,,
2012-03-01,14.1,14.8,14.05,14.4,3208,,,
2012-03-02,14.5,15.0,14.2,14.85,3151,,,
2012-03-03,15.0,15.0,14.75,14.8,407,,,
2012-03-05,14.65,15.1,14.25,14.7,1881,,,
2012-03-06,14.65,15.2,13.7,14.25,3617,,,
2012-03-07,14.0,14.35,13.75,14.35,755,,,
2012-03-09,14.0,14.55,13.55,14.0,1246,,,
2012-03-12,14.0,15.65,13.15,13.95,7302,,,
2012-03-13,13.95,14.7,13.95,14.1,663,,,
2012-03-14,14.15,14.5,13.9,14.5,777,,,
2012-03-15,14.6,14.6,14.5,14.5,27,,,
2012-03-16,14.0,15.0,13.95,14.05,9,,,
2012-03-19,13.7,15.2,13.15,14.1,953,,,
2012-03-20,13.7,13.9,12.9,13.0,9626,,,
2012-03-21,12.7,13.3,12.15,13.1,4739,,,
2012-03-22,12.9,13.75,12.0,12.4,4846,,,
2012-03-23,12.4,13.0,12.25,12.4,5274,,,
2012-03-26,12.25,13.45,12.25,12.25,1744,,,
2012-03-27,12.15,12.5,12.0,12.5,4637,,,
2012-03-28,12.25,13.0,12.25,12.25,1445,,,
2012-03-29,12.0,12.9,12.0,12.9,978,,,
2012-03-30,13.0,13.0,12.6,12.65,1508,,,
2012-04-02,12.45,13.7,12.45,13.5,8300,,,
2012-04-03,13.3,14.0,13.25,13.25,456,,,
2012-04-04,13.9,13.9,13.3,13.65,2695,,,
2012-04-09,13.45,13.6,13.0,13.2,2593,,,
2012-04-10,13.15,13.15,13.1,13.15,121,,,
2012-04-11,13.15,13.45,13.1,13.15,3434,,,
2012-04-12,13.0,13.25,12.7,13.15,1912,,,
2012-04-13,13.05,14.7,13.0,13.05,3664,,,
2012-04-16,14.15,14.5,14.05,14.35,18690,,,
2012-04-17,14.7,14.7,13.6,14.2,3622,,,
2012-04-18,14.0,14.25,13.5,14.15,2813,,,
2012-04-19,14.6,14.75,13.55,13.55,9872,,,
2012-04-20,14.0,14.0,13.55,13.8,647,,,
2012-04-23,14.25,14.3,13.5,13.95,2215,,,
2012-04-24,13.75,14.4,13.6,13.9,7892,,,
2012-04-25,13.7,14.3,12.85,13.1,12373,,,
2012-04-26,12.95,13.3,12.55,12.6,4634,,,
2012-04-27,12.55,12.8,12.4,12.45,5197,,,
2012-04-28,12.1,12.25,12.1,12.25,622,,,
2012-04-30,12.5,13.0,12.5,12.9,1113,,,
2012-05-02,13.3,13.3,12.85,13.0,1642,,,
2012-05-03,12.75,12.9,12.7,12.7,621,,,
2012-05-04,12.9,13.0,12.5,12.5,1637,,,
2012-05-07,12.1,13.25,12.05,13.15,2220,,,
2012-05-08,12.9,13.1,12.55,12.55,541,,,
2012-05-09,12.05,12.85,12.05,12.6,809,,,
2012-05-10,13.1,13.1,12.55,13.0,902,,,
2012-05-11,12.6,12.65,12.05,12.25,2396,,,
2012-05-14,13.0,14.0,12.35,12.55,773,,,
2012-05-15,13.1,13.1,13.1,13.1,1,,,
2012-05-16,12.95,12.95,12.15,12.4,1403,,,
2012-05-17,12.35,12.35,12.2,12.2,2830,,,
2012-05-18,12.0,12.15,11.7,12.15,4291,,,
2012-05-21,12.0,12.1,11.75,12.1,1891,,,
2012-05-22,12.1,12.85,12.0,12.75,3522,,,
2012-05-23,12.75,12.75,12.7,12.7,600,,,
2012-05-24,12.6,13.3,12.5,13.2,3760,,,
2012-05-25,12.9,13.55,12.25,13.0,3299,,,
2012-05-28,12.9,13.0,12.65,13.0,1047,,,
2012-05-29,13.0,13.35,12.7,13.35,2442,,,
2012-05-30,13.0,13.65,13.0,13.25,9865,,,
2012-05-31,13.05,13.05,12.65,12.8,4383,,,
2012-06-01,12.6,13.8,12.0,12.35,8423,,,
2012-06-04,12.0,12.55,12.0,12.25,11183,,,
2012-06-05,12.0,12.75,12.0,12.75,3644,,,
2012-06-06,12.1,13.0,12.1,12.3,7354,,,
2012-06-07,12.55,12.55,12.15,12.25,3777,,,
2012-06-08,12.5,12.5,12.05,12.1,5261,,,
2012-06-11,12.0,13.75,12.0,12.25,6154,,,
2012-06-12,12.2,12.25,12.1,12.25,2644,,,
2012-06-13,12.5,12.5,12.35,12.35,1150,,,
2012-06-14,14.4,14.4,12.3,12.55,3919,,,
2012-06-15,12.7,12.8,12.35,12.8,1138,,,
2012-06-18,13.05,13.05,12.45,12.5,3793,,,
2012-06-19,12.5,12.75,12.0,12.4,6209,,,
2012-06-20,12.25,12.5,12.0,12.5,5345,,,
2012-06-21,12.6,12.6,12.6,12.6,57,,,
2012-06-22,12.35,12.8,12.35,12.4,91,,,
2012-06-25,12.5,12.9,12.5,12.8,1273,,,
2012-06-26,12.9,13.0,12.65,12.75,3203,,,
2012-06-27,12.95,13.1,12.95,13.1,1765,,,
2012-06-28,13.0,13.2,13.0,13.0,4589,,,
2012-06-29,12.9,13.5,12.15,13.15,3794,,,
2012-07-02,13.25,13.25,13.25,13.25,500,,,
2012-07-03,13.0,13.55,13.0,13.55,1518,,,
2012-07-04,13.35,13.5,12.7,13.05,2113,,,
2012-07-05,13.4,14.25,13.4,13.9,13991,,,
2012-07-06,13.9,13.9,13.1,13.65,3499,,,
2012-07-09,13.6,14.2,13.55,14.1,5536,,,
2012-07-10,14.1,14.45,13.6,13.85,4375,,,
2012-07-11,14.0,14.0,13.8,13.9,530,,,
2012-07-12,13.9,14.0,13.3,14.0,2006,,,
2012-07-13,13.75,13.75,13.55,13.6,174,,,
2012-07-16,13.4,14.35,13.05,13.9,1708,,,
2012-07-17,16.0,16.0,13.35,13.8,660,,,
2012-07-18,13.7,14.0,13.1,13.6,1811,,,
2012-07-19,13.6,13.7,13.3,13.3,909,,,
2012-07-20,14.05,14.15,13.45,13.7,1318,,,
2012-07-23,13.55,13.85,13.25,13.45,1304,,,
2012-07-24,13.85,14.0,13.1,13.7,257,,,
2012-07-25,13.6,14.2,13.05,13.25,3179,,,
2012-07-26,13.15,13.15,13.1,13.1,550,,,
2012-07-27,12.9,13.3,12.9,13.0,273,,,
2012-07-30,12.9,12.9,12.6,12.6,647,,,
2012-07-31,13.2,13.2,12.5,13.0,304,,,
2012-08-01,13.95,14.25,12.9,13.0,3068,,,
2012-08-02,12.9,12.9,12.6,12.9,126,,,
2012-08-03,12.8,13.15,12.8,12.9,812,,,
2012-08-06,12.8,13.1,12.5,12.6,1813,,,
2012-08-07,12.65,13.0,12.5,12.8,3243,,,
2012-08-08,12.7,13.5,12.4,13.05,3042,,,
2012-08-09,12.75,12.9,12.6,12.9,222,,,
2012-08-10,12.95,13.0,11.7,12.3,7413,,,
2012-08-13,12.3,12.55,12.0,12.55,2478,,,
2012-08-14,12.55,12.75,12.1,12.25,1061,,,
2012-08-16,12.0,12.25,12.0,12.05,5876,,,
2012-08-17,12.5,12.5,11.7,11.7,3833,,,
2012-08-21,11.7,12.45,11.7,12.0,3702,,,
2012-08-22,12.0,12.5,11.95,12.45,1404,,,
2012-08-23,13.0,13.0,12.1,12.45,8273,,,
2012-08-24,12.3,12.95,12.3,12.45,3710,,,
2012-08-27,12.4,12.85,12.35,12.7,1659,,,
2012-08-28,12.5,13.0,12.2,12.75,5994,,,
2012-08-29,12.55,12.55,12.1,12.4,5649,,,
2012-08-30,12.2,12.2,11.9,11.9,977,,,
2012-08-31,11.85,12.1,11.7,11.7,5691,,,
2012-09-03,11.85,12.35,11.8,11.85,1062,,,
2012-09-04,12.35,12.5,12.0,12.3,3507,,,
2012-09-05,12.3,12.8,12.3,12.35,1837,,,
2012-09-06,12.0,12.8,12.0,12.25,2507,,,
2012-09-07,12.65,12.65,12.25,12.5,887,,,
2012-09-08,12.3,12.8,12.3,12.75,1589,,,
2012-09-10,12.5,12.75,12.3,12.7,2147,,,
2012-09-11,13.0,15.2,12.7,14.75,99711,,,
2012-09-12,14.75,15.4,14.05,14.15,29910,,,
2012-09-13,14.5,15.4,14.0,14.85,24984,,,
2012-09-14,14.8,15.2,14.05,14.25,30673,,,
2012-09-17,14.0,14.85,13.5,14.2,4815,,,
2012-09-18,14.0,14.75,13.35,14.0,5025,,,
2012-09-20,14.0,14.5,13.25,14.0,6743,,,
2012-09-21,13.8,14.5,13.55,13.65,6338,,,
2012-09-24,14.2,14.2,13.15,13.75,6102,,,
2012-09-25,13.85,14.15,13.3,13.9,5637,,,
2012-09-26,14.0,14.0,13.5,13.65,6585,,,
2012-09-27,13.55,13.8,13.05,13.8,2027,,,
2012-09-28,13.5,13.9,13.0,13.05,15166,,,
2012-10-01,14.45,14.45,13.05,13.6,8530,,,
2012-10-03,13.6,13.6,13.45,13.45,444,,,
2012-10-04,13.55,14.2,13.5,13.95,5179,,,
2012-10-05,14.0,14.0,13.5,13.5,1841,,,
2012-10-08,13.3,13.95,12.75,13.3,574,,,
2012-10-09,13.1,13.95,13.05,13.75,3332,,,
2012-10-10,13.65,14.0,13.3,13.8,1349,,,
2012-10-11,13.8,13.8,13.3,13.5,6072,,,
2012-10-12,14.1,14.1,13.35,13.7,2712,,,
2012-10-15,13.4,14.15,13.0,13.95,5672,,,
2012-10-16,13.9,14.15,13.6,13.7,3375,,,
2012-10-17,13.75,13.75,13.75,13.75,1924,,,
2012-10-18,13.75,14.0,13.65,13.7,7426,,,
2012-10-19,13.75,14.35,13.75,13.95,21855,,,
2012-10-22,14.0,14.9,13.8,14.2,13842,,,
2012-10-23,14.45,14.75,14.1,14.65,17782,,,
2012-10-25,14.4,14.95,13.8,14.15,6617,,,
2012-10-26,13.95,13.95,13.25,13.65,805,,,
2012-10-29,13.6,14.0,13.35,13.55,3024,,,
2012-10-30,13.5,13.9,13.5,13.55,1671,,,
2012-10-31,13.6,13.6,13.5,13.5,311,,,
2012-11-01,13.5,14.2,13.5,13.7,3265,,,
2012-11-02,13.8,14.2,13.7,13.8,1288,,,
2012-11-05,15.0,15.0,13.8,14.35,21364,,,
2012-11-06,14.55,14.8,14.4,14.65,14030,,,
2012-11-07,14.8,14.8,14.1,14.25,4471,,,
2012-11-08,14.45,14.45,13.75,13.9,4505,,,
2012-11-09,14.5,14.5,13.8,13.8,6578,,,
2012-11-12,13.7,14.25,13.3,13.55,7307,,,
2012-11-13,13.5,14.0,13.35,13.8,6435,,,
2012-11-15,13.95,14.0,13.6,13.9,1271,,,
2012-11-16,14.0,14.0,13.45,13.55,5296,,,
2012-11-19,13.4,14.35,13.0,13.2,10353,,,
2012-11-20,13.0,14.2,13.0,14.0,10513,,,
2012-11-21,13.7,14.05,13.25,13.6,5548,,,
2012-11-22,13.5,14.0,13.0,13.45,2076,,,
2012-11-23,13.5,13.5,13.5,13.5,911,,,
2012-11-26,13.5,13.95,13.45,13.65,1825,,,
2012-11-27,13.9,13.9,13.45,13.5,1468,,,
2012-11-29,14.0,14.0,13.5,13.7,6026,,,
2012-11-30,13.5,13.55,13.5,13.55,180,,,
2012-12-03,13.6,14.05,13.6,13.9,1619,,,
2012-12-04,13.95,14.75,13.95,14.45,13223,,,
2012-12-05,14.95,15.0,14.1,14.3,3934,,,
2012-12-06,14.4,14.6,13.3,14.15,1875,,,
2012-12-07,14.0,14.5,13.55,14.3,2242,,,
2012-12-10,14.3,14.75,13.25,14.7,6243,,,
2012-12-11,14.4,14.6,14.0,14.5,9537,,,
2012-12-12,14.4,14.5,14.05,14.2,7852,,,
2012-12-13,14.1,14.8,13.7,14.3,9578,,,
2012-12-14,14.0,14.65,13.7,14.1,792,,,
2012-12-17,14.4,14.4,13.8,13.8,3188,,,
2012-12-18,14.5,14.5,13.55,13.65,1768,,,
2012-12-19,13.6,13.85,13.6,13.85,2005,,,
2012-12-20,13.65,13.65,13.6,13.6,238,,,
2012-12-21,13.6,13.9,13.45,13.45,1742,,,
2012-12-24,13.5,13.5,13.25,13.5,2059,,,
2012-12-26,13.3,13.9,13.3,13.45,6669,,,
2012-12-27,13.3,15.8,13.2,13.3,5811,,,
2012-12-28,13.7,13.75,13.3,13.4,1952,,,
2012-12-31,13.4,14.2,13.4,14.1,3407,,,
2013-01-01,14.1,14.1,13.55,13.85,2759,,,
2013-01-02,14.3,14.3,13.6,13.75,3455,,,
2013-01-03,13.6,13.8,13.45,13.55,5846,,,
2013-01-04,13.65,14.0,13.55,13.7,3327,,,
2013-01-07,13.5,13.95,13.4,13.9,1104,,,
2013-01-08,14.0,15.45,14.0,14.4,101654,,,
2013-01-09,14.2,14.6,14.0,14.05,7454,,,
2013-01-10,14.25,14.25,13.65,13.95,10060,,,
2013-01-11,13.8,13.95,13.5,13.65,6230,,,
2013-01-14,14.1,14.1,13.45,13.5,4760,,,
2013-01-15,13.9,13.9,13.4,13.55,4002,,,
2013-01-16,13.5,13.5,12.95,13.05,22112,,,
2013-01-17,13.25,13.5,12.6,13.15,29869,,,
2013-01-18,12.9,13.75,12.7,13.05,6189,,,
2013-01-21,12.9,13.5,12.85,13.3,4279,,,
2013-01-22,13.0,13.35,12.8,13.25,4025,,,
2013-01-23,13.0,13.35,13.0,13.0,6544,,,
2013-01-24,12.9,13.0,12.7,12.95,9557,,,
2013-01-25,12.8,13.0,12.65,12.7,3476,,,
2013-01-28,12.7,13.1,12.7,13.1,42,,,
2013-01-29,12.85,12.85,12.25,12.6,8248,,,
2013-01-30,13.3,13.3,12.4,12.75,1153,,,
2013-01-31,13.15,13.3,12.3,12.55,2691,,,
2013-02-01,12.5,12.75,12.25,12.45,4927,,,
2013-02-04,12.4,12.75,12.35,12.4,1548,,,
2013-02-05,12.35,12.35,12.0,12.05,4525,,,
2013-02-06,11.9,12.6,11.9,12.15,4217,,,
2013-02-07,12.15,12.15,12.05,12.1,2088,,,
2013-02-08,12.75,12.75,12.1,12.2,4586,,,
2013-02-11,11.9,13.6,11.8,12.75,2485,,,
2013-02-12,12.5,12.95,12.0,12.3,2518,,,
2013-02-13,12.3,12.3,12.0,12.2,5376,,,
2013-02-14,12.0,12.25,11.35,11.45,1141,,,
2013-02-15,12.2,12.55,11.45,12.25,3453,,,
2013-02-18,12.6,12.6,11.95,12.15,620,,,
2013-02-19,11.9,12.3,11.7,11.9,565,,,
2013-02-20,12.0,12.1,11.9,12.05,1583,,,
2013-02-21,11.7,11.75,11.55,11.65,1502,,,
2013-02-22,11.5,12.4,11.4,12.0,3248,,,
2013-02-25,11.55,12.0,11.1,11.2,15746,,,
2013-02-26,11.2,11.2,9.0,10.4,41972,,,
2013-02-27,10.1,10.85,10.1,10.55,927,,,
2013-02-28,10.6,10.75,10.4,10.55,1491,,,
2013-03-01,10.3,11.25,9.1,10.8,6206,,,
2013-03-04,10.3,11.15,9.25,10.25,7686,,,
2013-03-05,10.15,11.75,10.15,10.6,2886,,,
2013-03-06,10.6,11.3,10.6,11.05,3637,,,
2013-03-07,11.1,11.4,11.1,11.4,100,,,
2013-03-08,11.25,11.75,11.0,11.1,5720,,,
2013-03-11,11.4,11.6,10.8,11.05,149,,,
2013-03-12,11.0,11.55,10.7,10.95,3329,,,
2013-03-13,11.1,11.1,10.35,10.65,3079,,,
2013-03-14,10.4,10.8,10.1,10.4,1872,,,
2013-03-15,10.35,11.25,10.35,10.9,5497,,,
2013-03-18,10.65,11.1,10.65,11.05,135,,,
2013-03-19,13.0,13.0,10.1,10.95,2108,,,
2013-03-20,10.3,10.35,9.7,10.3,1413,,,
2013-03-21,10.05,10.95,9.7,9.9,5629,,,
2013-03-22,10.5,10.5,9.65,10.0,379,,,
2013-03-25,9.75,10.5,9.75,9.95,1942,,,
2013-03-26,10.0,10.45,9.55,9.55,4302,,,
2013-03-28,9.4,10.35,9.1,9.85,1550,,,
2013-04-01,10.55,10.55,10.1,10.1,700,,,
2013-04-02,11.1,11.1,10.1,10.1,5918,,,
2013-04-03,10.3,11.15,10.3,11.15,2661,,,
2013-04-04,10.8,10.8,10.3,10.3,103,,,
2013-04-05,11.0,11.9,11.0,11.35,5901,,,
2013-04-08,11.75,12.0,10.6,10.7,1432,,,
2013-04-09,10.55,10.55,10.2,10.25,2269,,,
2013-04-10,10.1,11.0,10.0,10.05,1504,,,
2013-04-11,10.05,10.4,9.9,10.1,995,,,
2013-04-12,10.0,10.25,9.9,10.1,2827,,,
2013-04-15,10.25,10.3,9.4,9.9,17565,,,
2013-04-16,10.0,10.3,9.95,9.95,1085,,,
2013-04-17,10.05,10.45,10.05,10.25,13,,,
2013-04-18,9.8,10.35,9.7,9.85,572,,,
2013-04-22,10.5,10.5,10.5,10.5,203,,,
2013-04-23,10.0,11.0,9.75,10.6,929,,,
2013-04-25,10.65,10.65,10.0,10.5,729,,,
2013-04-26,10.3,10.7,9.9,10.25,4656,,,
2013-04-29,10.6,10.6,10.55,10.55,1010,,,
2013-04-30,10.4,10.4,10.05,10.05,1301,,,
2013-05-02,10.05,10.4,9.25,10.05,3572,,,
2013-05-03,10.0,10.15,9.95,10.1,7164,,,
2013-05-06,9.9,10.15,9.8,10.0,2339,,,
2013-05-07,10.0,10.0,9.9,9.95,262,,,
2013-05-08,9.8,10.55,9.75,9.9,1646,,,
2013-05-09,9.85,10.6,9.75,9.9,2172,,,
2013-05-10,9.9,10.25,9.75,9.85,13319,,,
2013-05-13,9.95,10.15,9.45,9.7,5198,,,
2013-05-14,9.6,9.65,9.6,9.65,1880,,,
2013-05-15,9.65,10.1,9.65,9.95,5266,,,
2013-05-16,10.2,10.2,10.2,10.2,1001,,,
2013-05-17,10.3,10.4,9.75,10.3,1041,,,
2013-05-20,9.9,10.3,9.75,10.15,2038,,,
2013-05-21,10.0,10.65,9.9,10.25,3277,,,
2013-05-22,10.05,10.05,9.9,9.9,2146,,,
2013-05-23,9.75,10.35,9.4,9.4,1714,,,
2013-05-24,9.3,9.95,9.2,9.9,824,,,
2013-05-27,10.35,10.35,10.35,10.35,11,,,
2013-05-28,10.0,10.3,9.9,9.9,113,,,
2013-05-29,9.8,9.9,9.55,9.6,1061,,,
2013-05-30,9.7,10.15,9.6,9.65,938,,,
2013-05-31,9.4,9.65,9.05,9.5,1838,,,
2013-06-03,9.35,10.1,9.35,10.0,1730,,,
2013-06-04,9.65,9.85,9.1,9.45,4047,,,
2013-06-05,9.75,9.9,9.3,9.85,782,,,
2013-06-06,9.55,9.9,9.5,9.7,1075,,,
2013-06-07,9.85,9.9,9.2,9.7,2481,,,
2013-06-10,9.4,9.4,9.05,9.35,3149,,,
2013-06-11,9.7,9.75,9.1,9.25,5928,,,
2013-06-12,9.5,9.75,9.15,9.45,2038,,,
2013-06-13,9.8,9.8,9.8,9.8,100,,,
2013-06-14,9.8,9.8,9.2,9.65,1005,,,
2013-06-17,9.3,9.65,9.3,9.6,246,,,
2013-06-18,9.4,9.5,9.3,9.4,2369,,,
2013-06-19,9.2,9.25,9.15,9.25,744,,,
2013-06-20,9.15,9.25,8.25,9.2,11258,,,
2013-06-21,9.0,9.3,9.0,9.3,311,,,
2013-06-24,9.15,9.15,8.55,8.55,2662,,,
2013-06-25,8.85,8.85,8.6,8.65,3901,,,
2013-06-26,8.75,8.75,8.75,8.75,1050,,,
2013-06-27,8.7,9.0,8.7,8.95,2200,,,
2013-06-28,8.8,9.3,8.8,9.1,2566,,,
2013-07-01,9.0,9.0,8.95,8.95,3028,,,
2013-07-02,8.95,9.4,8.8,9.1,3180,,,
2013-07-03,9.0,9.2,8.85,9.0,823,,,
2013-07-04,8.75,9.05,8.75,8.8,1836,,,
2013-07-05,8.85,9.3,8.75,8.75,822,,,
2013-07-10,9.2,9.2,8.0,8.75,2309,,,
2013-07-15,9.0,9.0,9.0,9.0,3000,,,
2013-07-18,8.5,8.5,8.5,8.5,500,,,
2013-07-19,9.0,9.0,7.7,7.7,210,,,
2013-07-22,8.65,8.65,8.05,8.05,3150,,,
2013-07-24,8.05,8.05,8.05,8.05,50,,,
2013-07-29,8.15,8.15,8.15,8.15,500,,,
2013-08-05,9.2,9.2,8.0,9.2,498,,,
2013-08-13,9.95,9.95,9.95,9.95,21,,,
2013-08-23,9.0,9.0,9.0,9.0,278,,,
2013-08-27,9.1,9.1,9.1,9.1,41,,,
2013-08-30,8.3,8.3,8.3,8.3,2100,,,
2013-09-03,7.65,7.65,7.65,7.65,300,,,
2013-09-04,8.2,9.15,8.2,9.0,6791,,,
2013-09-05,8.05,9.0,8.05,9.0,303,,,
2013-09-06,8.2,8.2,8.2,8.2,300,,,
2013-09-12,8.8,8.8,8.8,8.8,5,,,
2013-09-13,9.25,9.25,9.15,9.15,2500,,,
2013-09-23,8.5,8.5,8.5,8.5,10,,,
2013-09-24,9.0,9.1,9.0,9.1,1295,,,
2013-09-27,9.15,9.15,9.1,9.1,1010,,,
2013-09-30,10.0,10.0,9.95,9.95,39,,,
2013-10-03,9.0,9.0,9.0,9.0,1000,,,
2013-10-07,9.2,9.2,9.2,9.2,500,,,
2013-10-09,9.2,9.2,9.2,9.2,1,,,
2013-10-10,9.1,9.1,9.1,9.1,300,,,
2013-10-11,9.0,9.0,9.0,9.0,510,,,
2013-10-14,9.65,9.65,9.65,9.65,150,,,
2013-10-15,9.75,10.0,9.75,10.0,660,,,
2013-10-17,10.0,10.0,10.0,10.0,1018,,,
2013-10-18,10.1,10.2,9.05,9.05,2011,,,
2013-10-21,9.5,9.5,9.5,9.5,98,,,
2013-10-23,9.9,9.9,8.55,8.55,110,,,
2013-10-29,9.0,9.0,9.0,9.0,10,,,
2013-11-01,8.95,8.95,8.95,8.95,700,,,
2013-11-05,8.65,8.65,8.65,8.65,100,,,
2013-11-06,8.5,9.0,8.5,9.0,2680,,,
2013-11-07,9.45,9.45,8.7,8.7,110,,,
2013-11-08,8.7,8.7,8.7,8.7,1000,,,
2013-11-12,8.6,9.1,8.6,9.1,510,,,
2013-11-13,9.0,9.0,9.0,9.0,500,,,
2013-11-14,9.0,9.0,9.0,9.0,1985,,,
2013-11-18,9.0,9.05,9.0,9.05,609,,,
2013-11-19,9.25,9.25,9.25,9.25,500,,,
2013-11-20,8.85,9.1,8.85,8.95,1516,,,
2013-11-21,9.0,9.1,9.0,9.0,3400,,,
2013-11-22,9.0,9.0,8.9,9.0,3050,,,
2013-11-25,9.05,9.05,9.05,9.05,250,,,
2013-11-27,8.65,8.65,8.65,8.65,1120,,,
2013-11-28,8.25,8.25,8.25,8.25,96,,,
2013-11-29,8.25,8.25,8.25,8.25,800,,,
2013-12-02,8.65,8.65,8.05,8.65,3075,,,
2013-12-03,8.35,8.35,8.35,8.35,20,,,
2013-12-04,8.7,8.7,8.35,8.35,1510,,,
2013-12-05,8.45,8.75,8.3,8.3,1790,,,
2013-12-06,8.35,8.35,8.35,8.35,570,,,
2013-12-11,8.75,8.75,8.75,8.75,1000,,,
2013-12-12,8.4,8.4,8.4,8.4,30,,,
2013-12-16,8.4,8.8,8.4,8.8,115,,,
2013-12-17,8.9,8.9,8.9,8.9,135,,,
2013-12-18,8.6,8.6,8.6,8.6,500,,,
2013-12-19,9.0,9.0,9.0,9.0,65,,,
2013-12-20,9.45,9.45,9.0,9.0,449,,,
2013-12-23,9.0,9.45,8.6,8.6,910,,,
2013-12-26,9.0,9.0,9.0,9.0,3145,,,
2013-12-27,9.2,9.2,9.2,9.2,210,,,
2013-12-30,9.6,9.6,9.25,9.25,3124,,,
2013-12-31,9.7,9.7,9.05,9.05,2200,,,
2014-01-01,9.5,9.5,9.5,9.5,700,,,
2014-01-02,9.95,9.95,9.95,9.95,850,,,
2014-01-03,10.25,10.25,9.75,10.2,6000,,,
2014-01-06,9.8,10.5,9.8,10.5,1539,,,
2014-01-07,11.5,11.55,11.1,11.55,5015,,,
2014-01-08,11.95,12.0,11.9,12.0,2650,,,
2014-01-09,12.0,12.0,12.0,12.0,1994,,,
2014-01-10,11.7,11.95,10.8,11.7,3054,,,
2014-01-13,10.8,12.85,10.6,11.45,6019,,,
2014-01-14,10.75,11.7,10.75,11.4,4605,,,
2014-01-15,11.6,11.8,11.4,11.55,10575,,,
2014-01-16,11.6,11.95,11.6,11.7,2034,,,
2014-01-17,11.8,12.0,11.55,11.6,10949,,,
2014-01-20,11.85,12.0,11.15,11.7,10728,,,
2014-01-21,11.35,11.95,11.35,11.65,8545,,,
2014-01-22,11.6,12.0,11.6,11.75,1027,,,
2014-01-23,11.35,11.85,11.35,11.7,4891,,,
2014-01-24,11.55,11.95,11.55,11.6,4318,,,
2014-01-27,10.7,11.25,10.7,11.0,7742,,,
2014-01-28,10.4,11.5,10.4,11.2,3336,,,
2014-01-29,11.4,11.4,11.0,11.0,3573,,,
2014-01-30,10.25,11.25,10.25,10.8,9446,,,
2014-01-31,10.5,11.05,10.4,10.5,3181,,,
2014-02-03,11.2,11.2,10.4,11.05,4031,,,
2014-02-04,11.0,11.0,10.5,10.7,5951,,,
2014-02-05,9.7,10.95,9.7,10.8,5217,,,
2014-02-06,11.35,11.35,10.45,10.7,4515,,,
2014-02-07,10.5,10.9,10.45,10.55,4796,,,
2014-02-10,10.35,10.65,10.35,10.5,105,,,
2014-02-11,10.35,10.8,10.35,10.4,309,,,
2014-02-12,10.65,10.7,10.4,10.4,6835,,,
2014-02-13,10.25,10.5,10.05,10.3,1618,,,
2014-02-14,9.6,10.55,9.6,10.55,502,,,
2014-02-17,9.6,10.85,9.6,10.4,1021,,,
2014-02-18,9.55,10.35,9.55,10.15,270,,,
2014-02-19,9.2,10.0,9.2,9.85,1466,,,
2014-02-20,10.2,10.2,9.8,10.15,8,,,
2014-02-21,10.15,10.35,9.65,10.05,2830,,,
2014-02-24,10.05,10.3,9.95,10.0,2579,,,
2014-02-25,10.2,10.55,9.85,10.0,7095,,,
2014-02-26,10.15,10.15,9.3,9.55,7397,,,
2014-02-28,9.4,9.7,9.4,9.5,1941,,,
2014-03-03,9.1,9.85,8.85,9.2,4635,,,
2014-03-04,9.0,9.4,9.0,9.35,1532,,,
2014-03-05,8.9,9.65,8.9,9.45,2645,,,
2014-03-06,9.15,9.55,9.15,9.55,2000,,,
2014-03-07,9.1,11.4,9.1,9.9,8303,,,
2014-03-10,10.05,10.05,9.35,9.75,2615,,,
2014-03-11,9.8,9.85,9.5,9.8,2706,,,
2014-03-12,9.6,10.0,9.6,9.85,1206,,,
2014-03-13,9.7,9.95,9.6,9.85,1957,,,
2014-03-14,9.65,9.8,9.25,9.6,648,,,
2014-03-18,9.8,9.95,9.45,9.6,2934,,,
2014-03-19,9.35,9.75,9.25,9.7,3083,,,
2014-03-20,9.7,10.0,9.7,9.9,1291,,,
2014-03-21,9.7,10.1,9.65,9.85,1841,,,
2014-03-22,9.7,10.0,9.3,9.65,326,,,
2014-03-24,10.05,10.1,9.55,9.95,3075,,,
2014-03-25,9.75,10.15,9.75,10.1,803,,,
2014-03-26,9.8,10.65,9.65,10.15,5378,,,
2014-03-27,10.5,10.5,9.9,9.9,2618,,,
2014-03-28,10.1,10.1,10.0,10.0,4270,,,
2014-03-31,10.85,10.85,9.9,10.2,1475,,,
2014-04-01,10.05,10.05,10.0,10.0,2000,,,
2014-04-02,10.2,10.6,10.2,10.6,3161,,,
2014-04-03,11.25,11.5,10.3,11.1,21197,,,
2014-04-04,11.55,12.35,11.55,12.2,10242,,,
2014-04-07,12.2,12.75,11.25,11.35,7162,,,
2014-04-09,11.65,12.0,11.3,11.75,9594,,,
2014-04-10,11.65,12.0,11.5,11.85,3038,,,
2014-04-11,11.6,11.6,11.25,11.45,10395,,,
2014-04-15,11.5,11.5,11.05,11.25,3063,,,
2014-04-16,11.0,11.75,11.0,11.7,1013,,,
2014-04-17,11.0,11.9,11.0,11.5,20698,,,
2014-04-21,11.05,11.85,10.8,11.5,12217,,,
2014-04-22,11.1,13.8,11.1,13.8,75917,,,
2014-04-23,14.45,16.55,14.45,16.55,402468,,,
2014-04-25,17.0,18.1,16.7,17.1,253323,,,
2014-04-28,17.1,17.5,15.7,16.6,64244,,,
2014-04-29,16.0,17.6,15.15,16.15,55067,,,
2014-04-30,15.9,16.35,15.3,15.7,26475,,,
2014-05-02,16.45,16.5,15.25,15.45,16868,,,
2014-05-05,15.05,15.6,14.75,15.25,19795,,,
2014-05-06,14.6,15.3,14.35,14.7,8421,,,
2014-05-07,14.0,14.9,14.0,14.7,21891,,,
2014-05-08,14.05,14.7,14.05,14.7,6541,,,
2014-05-09,14.15,14.5,14.1,14.5,12360,,,
2014-05-12,14.5,14.7,14.15,14.2,9226,,,
2014-05-13,14.25,14.25,13.7,13.9,7983,,,
2014-05-14,13.85,13.9,13.25,13.55,7868,,,
2014-05-15,12.95,13.5,12.9,13.25,7373,,,
2014-05-16,12.8,13.9,12.6,13.9,14518,,,
2014-05-19,13.75,14.2,13.55,14.05,7212,,,
2014-05-20,14.1,14.1,13.6,13.95,8420,,,
2014-05-21,14.3,14.5,14.0,14.45,4985,,,
2014-05-22,13.8,14.95,13.8,14.8,2900,,,
2014-05-23,15.0,15.5,14.8,14.95,7630,,,
2014-05-26,15.0,15.6,14.8,15.2,23073,,,
2014-05-27,14.8,15.0,14.5,14.7,6350,,,
2014-05-28,14.1,15.05,14.1,14.65,10834,,,
2014-05-29,14.75,14.8,14.55,14.6,7370,,,
2014-05-30,14.45,15.1,14.4,14.65,4650,,,
2014-06-02,14.1,15.25,14.1,15.05,13100,,,
2014-06-03,15.0,15.45,15.0,15.0,5076,,,
2014-06-04,14.6,15.75,14.6,15.5,11615,,,
2014-06-05,15.5,15.5,15.05,15.3,11787,,,
2014-06-06,15.1,16.0,15.1,15.95,17806,,,
2014-06-09,15.2,16.7,15.2,16.3,7661,,,
2014-06-10,15.8,16.35,15.6,15.8,5004,,,
2014-06-11,16.1,16.55,16.1,16.5,26686,,,
2014-06-12,15.7,16.3,15.7,15.85,3201,,,
2014-06-13,15.35,16.0,15.1,15.5,10961,,,
2014-06-16,15.3,15.65,14.9,15.25,4505,,,
2014-06-17,15.1,15.25,15.0,15.0,3220,,,
2014-06-18,14.9,15.4,14.5,15.15,4657,,,
2014-06-19,14.65,15.45,14.65,15.45,7161,,,
2014-06-20,14.8,15.45,14.8,15.4,2552,,,
2014-06-23,15.4,15.4,14.8,14.8,1137,,,
2014-06-24,15.4,15.5,15.05,15.5,10143,,,
2014-06-25,15.5,15.9,15.5,15.7,3729,,,
2014-06-26,15.75,16.15,15.5,15.95,6197,,,
2014-06-27,15.65,15.9,15.65,15.7,2400,,,
2014-06-30,16.0,16.25,15.85,16.0,4348,,,
2014-07-01,15.5,16.55,15.5,16.0,10102,,,
2014-07-02,15.6,16.25,15.5,15.85,5183,,,
2014-07-03,15.65,15.9,15.6,15.65,7263,,,
2014-07-04,15.65,16.15,15.65,16.0,7095,,,
2014-07-07,16.5,17.6,16.5,17.6,48269,,,
2014-07-08,18.7,19.35,17.5,17.9,191055,,,
2014-07-09,18.2,18.55,16.6,18.35,36396,,,
2014-07-10,18.55,18.95,17.4,17.75,23932,,,
2014-07-11,17.5,18.4,16.3,17.15,31169,,,
2014-07-14,16.4,17.35,16.4,16.55,11941,,,
2014-07-15,17.1,17.1,16.3,16.9,6608,,,
2014-07-16,16.9,17.4,16.25,17.15,10467,,,
2014-07-17,15.7,17.4,15.7,17.25,11376,,,
2014-07-18,16.9,17.6,16.75,17.4,11719,,,
2014-07-21,18.0,19.0,17.55,18.0,16536,,,
2014-07-22,18.55,19.8,18.5,19.8,148243,,,
2014-07-23,20.45,20.8,18.05,20.55,138767,,,
2014-07-24,20.75,22.6,19.8,22.6,151158,,,
2014-07-25,23.45,23.7,22.7,23.7,195282,,,
2014-07-28,24.85,24.85,24.85,24.85,53473,,,
2014-07-30,26.05,26.05,26.05,26.05,49713,,,
2014-07-31,27.35,27.35,27.0,27.35,344375,,,
2014-08-01,27.7,27.7,26.0,26.0,66748,,,
2014-08-04,24.7,24.7,24.7,24.7,5496,,,
2014-08-05,23.5,23.5,23.5,23.5,3722,,,
2014-08-06,22.35,24.65,22.35,22.4,118667,,,
2014-08-07,22.0,23.4,21.35,22.5,52415,,,
2014-08-08,21.55,22.5,21.4,21.4,17640,,,
2014-08-11,22.3,22.45,20.4,22.45,36440,,,
2014-08-12,23.35,23.35,22.0,22.25,39560,,,
2014-08-13,23.15,23.15,21.15,21.25,39516,,,
2014-08-14,21.6,21.6,20.2,20.2,24229,,,
2014-08-18,20.2,21.2,19.85,21.2,11395,,,
2014-08-19,21.1,22.25,21.1,22.25,18623,,,
2014-08-20,23.0,23.35,21.65,23.25,36713,,,
2014-08-21,24.0,24.3,23.0,23.65,29888,,,
2014-08-22,24.1,24.1,22.5,22.65,37914,,,
2014-08-25,22.65,22.7,21.55,21.6,73700,,,
2014-08-26,20.7,21.4,20.55,20.65,24878,,,
2014-08-27,21.0,21.55,19.9,21.35,17085,,,
2014-08-28,21.0,21.45,20.35,20.45,15009,,,
2014-09-01,21.4,21.4,20.4,20.95,15338,,,
2014-09-02,20.5,20.9,20.3,20.35,17662,,,
2014-09-03,20.95,20.95,20.05,20.3,16473,,,
2014-09-04,20.95,21.25,20.2,20.7,9962,,,
2014-09-05,19.9,21.0,19.8,20.6,36943,,,
2014-09-08,20.0,22.65,20.0,22.65,41987,,,
2014-09-09,24.0,24.0,21.65,22.25,42907,,,
2014-09-10,22.75,23.1,22.0,22.4,20504,,,
2014-09-11,22.6,23.0,22.35,22.85,27472,,,
2014-09-12,23.0,24.0,22.5,22.9,19091,,,
2014-09-15,23.7,25.15,22.15,25.15,71822,,,
2014-09-16,26.0,27.2,23.25,23.6,132606,,,
2014-09-17,25.0,25.0,23.7,24.55,21691,,,
2014-09-18,24.0,25.8,24.0,24.45,27046,,,
2014-09-19,24.95,25.45,22.85,23.4,38226,,,
2014-09-22,24.6,25.7,23.4,25.4,70146,,,
2014-09-23,25.4,26.5,23.75,24.15,25436,,,
2014-09-24,24.2,24.65,23.1,23.65,22863,,,
2014-09-25,23.35,23.95,22.0,22.05,20176,,,
2014-09-26,22.5,22.9,20.3,21.75,16940,,,
2014-09-29,22.3,23.8,22.3,23.2,11531,,,
2014-09-30,24.7,24.7,23.0,23.15,8046,,,
2014-10-01,22.7,25.45,21.7,23.5,29034,,,
2014-10-07,23.0,23.9,22.6,23.05,7762,,,
2014-10-08,22.55,22.8,22.4,22.6,5005,,,
2014-10-09,22.8,23.5,22.5,22.8,11211,,,
2014-10-10,22.45,22.95,21.1,22.45,7048,,,
2014-10-13,22.0,23.4,20.65,23.15,9839,,,
2014-10-14,23.0,23.8,22.0,22.15,10356,,,
2014-10-16,21.9,22.4,20.8,20.95,12192,,,
2014-10-17,21.0,21.7,20.55,20.95,6002,,,
2014-10-20,22.95,23.95,20.8,20.9,7980,,,
2014-10-21,21.1,22.25,21.1,21.7,12360,,,
2014-10-22,21.5,22.3,20.8,21.35,5533,,,
2014-10-23,22.95,22.95,21.0,21.7,4352,,,
2014-10-27,22.0,22.35,21.25,21.45,8414,,,
2014-10-28,21.2,22.4,20.55,22.0,6147,,,
2014-10-29,22.05,26.4,21.7,26.25,108719,,,
2014-10-30,27.4,30.0,24.65,27.1,423023,,,
2014-10-31,27.1,28.5,24.75,25.45,131925,,,
2014-11-03,25.8,27.0,25.3,26.55,31231,,,
2014-11-05,26.55,27.75,26.0,27.0,79898,,,
2014-11-07,27.0,31.8,26.0,30.4,327085,,,
2014-11-10,30.5,30.7,28.55,29.35,112186,,,
2014-11-11,29.0,30.0,28.55,28.7,45033,,,
2014-11-12,29.4,30.75,29.15,30.15,78039,,,
2014-11-13,30.3,30.5,29.2,29.55,36957,,,
2014-11-14,30.0,30.0,29.0,29.2,24727,,,
2014-11-17,29.05,29.5,28.05,28.4,38623,,,
2014-11-18,29.0,29.4,28.1,28.4,27946,,,
2014-11-19,28.3,28.95,26.6,27.3,33999,,,
2014-11-20,27.0,32.75,26.2,32.3,451148,,,
2014-11-21,33.4,38.4,33.0,35.25,1168097,,,
2014-11-24,35.6,35.9,32.6,33.7,209492,,,
2014-11-25,33.1,33.9,30.5,31.05,74420,,,
2014-11-26,31.0,34.7,30.6,32.95,149171,,,
2014-11-27,33.7,33.85,32.05,32.6,42271,,,
2014-11-28,33.0,38.35,32.6,37.0,443433,,,
2014-12-01,38.0,40.8,37.4,38.1,402499,,,
2014-12-02,38.4,39.95,37.6,38.4,106219,,,
2014-12-03,39.5,46.05,38.5,44.95,634952,,,
2014-12-04,45.5,45.65,40.5,41.35,285665,,,
2014-12-05,40.95,44.5,40.0,43.05,222702,,,
2014-12-08,42.6,46.85,42.0,43.8,261471,,,
2014-12-09,43.4,44.45,39.4,40.45,147074,,,
2014-12-10,39.2,44.0,39.2,41.05,107889,,,
2014-12-11,41.3,42.7,39.1,40.0,68934,,,
2014-12-12,40.95,41.9,37.1,37.35,78659,,,
2014-12-15,38.65,38.7,36.05,37.9,61933,,,
2014-12-16,37.8,38.8,33.35,34.3,105622,,,
2014-12-17,34.3,35.0,30.65,31.75,96338,,,
2014-12-18,33.0,35.75,33.0,35.1,131265,,,
2014-12-19,35.95,38.35,35.05,36.7,128333,,,
2014-12-22,37.25,39.0,36.2,36.6,56140,,,
2014-12-23,36.55,37.8,35.5,36.25,43614,,,
2014-12-24,36.25,37.5,34.25,35.25,31954,,,
2014-12-26,35.4,35.95,32.7,33.35,67873,,,
2014-12-29,33.05,36.5,33.05,33.65,51042,,,
2014-12-30,33.8,39.45,33.35,38.45,363336,,,
2014-12-31,38.4,38.5,36.0,36.8,130465,,,
2015-01-01,36.85,43.75,36.8,43.05,499576,,,
2015-01-02,44.05,45.2,41.0,41.6,394960,,,
2015-01-05,42.65,43.7,40.65,41.25,84121,,,
2015-01-06,41.1,41.1,37.5,37.85,162578,,,
2015-01-07,37.15,39.9,37.15,37.9,107942,,,
2015-01-08,39.05,39.7,38.35,38.9,49007,,,
2015-01-09,39.6,39.6,38.0,38.1,50138,,,
2015-01-12,38.45,38.5,36.55,37.2,44284,,,
2015-01-13,38.0,39.75,36.85,37.9,83087,,,
2015-01-14,37.6,38.4,37.2,37.35,20437,,,
2015-01-15,37.4,38.95,37.15,37.4,37071,,,
2015-01-16,37.15,37.45,35.4,36.1,36033,,,
2015-01-19,36.1,37.7,35.65,36.5,40188,,,
2015-01-20,38.0,38.5,36.45,36.55,75056,,,
2015-01-21,38.0,38.0,36.0,36.1,30166,,,
2015-01-22,36.05,37.5,36.05,36.4,46408,,,
2015-01-23,37.0,37.2,35.1,35.35,50269,,,
2015-01-27,38.0,38.0,35.15,35.4,40553,,,
2015-01-28,35.3,35.9,33.0,33.55,40743,,,
2015-01-29,33.65,36.0,33.15,34.25,29056,,,
2015-01-30,35.45,35.45,33.2,33.55,28411,,,
2015-02-02,33.0,35.4,33.0,33.45,27737,,,
2015-02-03,34.0,34.9,33.3,33.4,13399,,,
2015-02-04,34.95,34.95,33.05,33.4,15369,,,
2015-02-05,33.5,38.2,33.5,35.2,159150,,,
2015-02-06,35.6,35.95,32.45,34.05,34985,,,
2015-02-09,33.5,34.3,32.5,32.75,27319,,,
2015-02-10,31.6,34.5,31.5,32.35,33972,,,
2015-02-11,33.5,33.9,31.7,32.65,31177,,,
2015-02-12,33.05,34.5,32.2,32.65,50986,,,
2015-02-13,32.6,33.65,27.75,29.35,98582,,,
2015-02-16,28.6,29.25,25.2,25.65,228197,,,
2015-02-18,24.65,28.3,24.65,27.5,110241,,,
2015-02-19,28.4,28.4,27.1,27.65,19415,,,
2015-02-20,27.1,30.65,27.1,29.45,69527,,,
2015-02-23,30.0,31.2,28.3,29.1,46776,,,
2015-02-24,28.8,30.05,28.0,28.3,33992,,,
2015-02-25,28.0,29.2,27.8,28.05,21787,,,
2015-02-26,29.8,29.8,27.0,27.45,18808,,,
2015-02-27,27.0,28.6,27.0,27.5,7090,,,
2015-02-28,29.7,29.7,26.45,27.65,15682,,,
2015-03-02,27.2,27.95,26.3,26.85,17987,,,
2015-03-03,26.7,32.2,26.55,32.15,212429,,,
2015-03-04,35.4,37.45,31.15,32.8,346987,,,
2015-03-05,33.7,34.3,31.8,32.25,58776,,,
2015-03-09,31.65,32.75,30.3,30.55,46240,,,
2015-03-10,30.95,31.45,29.0,29.5,44909,,,
2015-03-11,29.8,30.3,28.55,28.85,37754,,,
2015-03-12,29.25,32.8,28.4,30.65,93907,,,
2015-03-13,30.65,31.0,29.25,29.35,40359,,,
2015-03-16,29.55,31.0,29.4,30.15,37324,,,
2015-03-17,30.3,32.0,29.9,30.25,142083,,,
2015-03-18,30.85,31.0,29.7,29.85,36660,,,
2015-03-19,30.55,30.55,28.7,29.0,37552,,,
2015-03-20,28.85,29.0,26.65,26.95,86089,,,
2015-03-23,26.25,27.15,26.25,26.4,34836,,,
2015-03-24,26.4,27.4,26.05,26.3,19153,,,
2015-03-25,26.3,27.7,25.25,26.25,42394,,,
2015-03-26,26.0,26.85,25.5,25.6,13008,,,
2015-03-27,25.15,25.8,24.7,25.0,26143,,,
2015-03-30,25.05,27.5,25.0,26.2,30141,,,
2015-03-31,26.85,28.1,26.8,27.8,107794,,,
2015-04-01,28.15,29.45,27.15,29.2,34492,,,
2015-04-06,29.65,35.0,29.3,34.95,275231,,,
2015-04-07,36.45,36.8,32.6,34.65,233952,,,
2015-04-08,34.85,35.5,33.3,33.5,45252,,,
2015-04-09,31.5,34.9,31.5,33.15,50869,,,
2015-04-10,33.3,34.4,32.15,32.9,29679,,,
2015-04-13,33.05,33.65,32.5,32.8,40650,,,
2015-04-15,33.0,34.5,32.5,33.25,96310,,,
2015-04-16,33.85,34.0,32.1,32.3,27528,,,
2015-04-17,33.5,33.5,32.0,32.3,25692,,,
2015-04-20,32.15,33.75,28.6,30.15,47457,,,
2015-04-21,30.8,35.25,28.5,33.5,233729,,,
2015-04-22,34.05,34.3,31.15,32.15,53873,,,
2015-04-23,32.6,33.9,31.5,31.75,37703,,,
2015-04-24,32.0,32.15,29.4,30.3,55856,,,
2015-04-27,30.1,30.1,28.0,28.55,23694,,,
2015-04-28,28.05,29.95,27.55,28.7,8056,,,
2015-04-29,28.3,31.0,28.25,29.65,17455,,,
2015-04-30,29.45,29.95,28.35,29.25,15407,,,
2015-05-04,29.05,30.95,26.2,28.85,56448,,,
2015-05-05,28.85,29.45,28.5,28.9,13468,,,
2015-05-06,28.95,29.05,26.55,27.4,37864,,,
2015-05-07,27.05,27.75,26.1,26.9,18373,,,
2015-05-08,27.35,29.5,27.3,28.2,14619,,,
2015-05-11,29.05,29.1,27.95,28.3,9531,,,
2015-05-12,28.15,28.15,27.1,27.55,6053,,,
2015-05-13,27.95,28.5,26.25,27.7,12453,,,
2015-05-14,27.45,27.85,26.3,27.45,8085,,,
2015-05-15,27.25,29.0,27.0,27.75,12178,,,
2015-05-18,28.45,28.5,27.6,27.8,12194,,,
2015-05-19,27.75,30.0,27.7,28.95,26741,,,
2015-05-20,28.75,29.75,28.55,28.85,17955,,,
2015-05-21,29.45,29.5,28.15,28.5,8742,,,
2015-05-22,28.55,28.9,28.2,28.5,4469,,,
2015-05-25,28.3,28.35,27.05,27.2,17912,,,
2015-05-26,27.7,27.85,26.5,27.0,15932,,,
2015-05-27,27.55,27.55,26.2,26.65,19442,,,
2015-05-28,26.95,27.45,26.4,26.7,4887,,,
2015-05-29,27.65,27.65,25.95,26.5,54706,,,
2015-06-01,26.3,26.3,25.3,25.85,8852,,,
2015-06-02,26.55,26.55,25.0,25.15,9984,,,
2015-06-03,25.15,25.55,22.15,23.05,27398,,,
2015-06-04,23.15,23.95,22.35,22.95,15622,,,
2015-06-05,25.45,25.45,22.9,23.65,25735,,,
2015-06-08,24.0,24.0,22.95,23.35,6020,,,
2015-06-09,23.0,24.45,22.9,23.55,13867,,,
2015-06-10,23.4,23.95,22.8,23.25,16336,,,
2015-06-11,23.25,23.65,22.5,22.55,8266,,,
2015-06-12,25.4,25.4,21.05,21.3,16234,,,
2015-06-15,21.35,22.05,20.3,21.75,15220,,,
2015-06-16,22.0,22.5,21.1,21.6,13430,,,
2015-06-17,21.95,25.9,21.85,25.9,103663,,,
2015-06-18,27.0,27.75,26.0,27.05,143867,,,
2015-06-19,27.25,27.3,25.4,25.55,31794,,,
2015-06-22,25.6,26.3,25.5,25.7,28453,,,
2015-06-23,25.7,26.0,25.15,25.5,9125,,,
2015-06-24,25.75,26.45,25.35,25.55,7699,,,
2015-06-25,26.0,26.0,24.7,24.85,6255,,,
2015-06-26,24.7,25.35,23.6,24.2,17270,,,
2015-06-29,24.0,24.0,23.0,23.55,8952,,,
2015-06-30,23.95,26.0,23.25,25.05,34851,,,
2015-07-01,24.6,25.9,24.6,25.15,14616,,,
2015-07-02,25.05,25.7,24.05,24.75,36586,,,
2015-07-03,24.55,25.3,24.2,24.95,6419,,,
2015-07-06,24.8,27.4,23.75,26.65,59665,,,
2015-07-07,27.0,28.75,26.3,27.35,65704,,,
2015-07-08,27.0,27.55,25.95,26.65,25302,,,
2015-07-09,27.4,27.8,26.65,26.85,19730,,,
2015-07-10,27.65,27.7,26.65,26.7,15415,,,
2015-07-13,27.0,27.9,26.8,27.15,8257,,,
2015-07-14,28.0,28.0,26.1,26.85,19227,,,
2015-07-15,27.4,27.8,26.5,26.55,19281,,,
2015-07-16,26.95,27.3,26.0,26.65,48439,,,
2015-07-17,26.55,29.65,26.5,28.35,81548,,,
2015-07-20,27.2,29.9,27.2,28.2,40017,,,
2015-07-21,28.1,28.7,27.1,27.2,16154,,,
2015-07-22,27.05,28.3,26.7,28.1,16458,,,
2015-07-23,27.95,28.5,27.25,27.6,10352,,,
2015-07-24,27.6,28.25,26.45,26.8,21623,,,
2015-07-27,26.85,28.3,26.5,27.5,31132,,,
2015-07-28,27.45,28.9,27.4,28.35,32381,,,
2015-07-29,29.25,33.75,28.65,32.05,264315,,,
2015-07-30,32.05,33.9,31.5,31.75,113979,,,
2015-07-31,31.9,34.4,31.5,32.65,89014,,,
2015-08-03,32.85,36.9,32.25,34.35,244223,,,
2015-08-04,34.0,35.4,33.0,34.2,90330,,,
2015-08-05,34.55,35.2,33.9,34.3,35397,,,
2015-08-06,34.15,34.6,32.75,33.2,43994,,,
2015-08-07,33.0,33.85,31.9,32.3,53385,,,
2015-08-10,32.45,33.25,31.7,32.5,15560,,,
2015-08-11,32.65,32.65,30.65,31.3,25272,,,
2015-08-12,31.05,31.15,29.35,29.55,33609,,,
2015-08-13,29.9,34.0,29.9,30.95,151500,,,
2015-08-14,31.45,32.4,29.65,30.5,47232,,,
2015-08-17,30.0,30.5,29.1,30.15,23431,,,
2015-08-18,30.2,30.8,29.7,30.05,35775,,,
2015-08-19,30.55,32.45,30.15,31.7,93370,,,
2015-08-20,31.95,37.0,30.7,34.75,539447,,,
2015-08-21,34.45,36.0,33.15,34.85,195127,,,
2015-08-24,33.4,33.4,28.5,29.1,71827,,,
2015-08-25,29.0,30.9,26.0,28.95,63262,,,
2015-08-26,28.6,30.9,28.25,28.8,40110,,,
2015-08-27,29.05,32.0,28.05,30.8,80023,,,
2015-08-28,32.0,32.5,30.5,30.6,41042,,,
2015-08-31,30.7,31.0,29.9,30.1,28859,,,
2015-09-01,30.85,30.9,27.9,28.7,41892,,,
2015-09-02,28.85,29.9,28.1,28.65,16647,,,
2015-09-03,30.85,30.85,28.7,29.1,13789,,,
2015-09-04,29.3,29.7,27.5,29.3,21107,,,
2015-09-07,29.0,30.8,27.5,27.65,23591,,,
2015-09-08,27.35,27.85,26.9,27.4,29552,,,
2015-09-09,27.85,28.5,27.6,28.0,15752,,,
2015-09-10,27.6,28.5,26.25,28.15,15971,,,
2015-09-11,29.2,29.2,28.05,28.6,15669,,,
2015-09-14,29.15,29.2,28.0,28.5,8724,,,
2015-09-15,29.15,29.15,27.8,28.25,5837,,,
2015-09-16,28.4,28.9,27.15,28.1,11106,,,
2015-09-18,27.9,29.05,27.8,28.65,11736,,,
2015-09-21,28.25,30.45,28.2,29.75,26598,,,
2015-09-22,29.95,31.3,27.8,28.4,29596,,,
2015-09-23,28.05,29.8,27.55,29.2,14129,,,
2015-09-24,30.4,31.3,29.35,30.45,40509,,,
2015-09-28,30.55,31.0,30.0,30.15,20156,,,
2015-09-29,30.0,30.75,29.25,29.55,16125,,,
2015-09-30,31.3,31.3,29.0,29.2,23346,,,
2015-10-01,30.35,33.35,29.35,31.7,134998,,,
2015-10-05,32.9,34.8,32.05,32.85,125556,,,
2015-10-06,33.45,34.0,32.95,33.15,35772,,,
2015-10-07,32.5,33.8,32.35,32.85,19459,,,
2015-10-08,33.5,33.55,31.3,31.85,13741,,,
2015-10-09,31.95,33.8,31.25,32.4,33585,,,
2015-10-12,33.55,33.55,31.25,31.9,25694,,,
2015-10-13,32.8,33.4,31.5,32.5,33982,,,
2015-10-14,32.65,36.5,32.25,35.05,128577,,,
2015-10-15,35.5,36.95,34.7,35.65,139624,,,
2015-10-16,35.9,36.6,35.0,35.35,41023,,,
2015-10-19,36.2,37.5,35.8,36.6,103083,,,
2015-10-20,36.6,40.9,36.6,38.8,285781,,,
2015-10-21,39.45,40.6,36.7,38.9,163297,,,
2015-10-23,39.0,39.7,37.15,37.5,51429,,,
2015-10-26,38.2,39.4,37.3,38.1,43621,,,
2015-10-27,38.3,39.95,37.3,38.0,71103,,,
2015-10-28,37.8,38.5,36.5,36.7,39119,,,
2015-10-29,36.7,37.4,36.5,36.8,20813,,,
2015-10-30,36.65,38.65,35.45,35.75,60522,,,
2015-11-02,36.8,36.85,34.5,35.1,24284,,,
2015-11-03,36.1,36.9,35.15,35.25,37065,,,
2015-11-04,35.6,35.65,34.25,34.45,21014,,,
2015-11-05,34.85,34.9,33.25,33.5,13113,,,
2015-11-06,33.05,34.2,32.15,32.45,19207,,,
2015-11-09,32.05,34.35,30.85,34.1,14506,,,
2015-11-10,34.25,34.8,32.95,33.7,29412,,,
2015-11-11,33.9,34.7,33.6,33.8,6471,,,
2015-11-13,33.8,34.0,33.0,33.05,10124,,,
2015-11-16,33.1,34.0,32.35,32.75,34371,,,
2015-11-17,33.4,34.35,33.0,33.7,22458,,,
2015-11-18,33.8,36.35,33.8,34.55,86875,,,
2015-11-19,35.05,35.6,34.6,34.7,16214,,,
2015-11-20,34.65,36.5,34.15,34.9,71948,,,
2015-11-23,34.75,37.9,34.5,37.25,145811,,,
2015-11-24,37.55,38.6,36.55,37.05,68928,,,
2015-11-26,38.0,38.0,36.5,36.7,39518,,,
2015-11-27,37.45,38.25,37.0,37.7,57143,,,
2015-11-30,39.05,45.2,38.95,45.1,616368,,,
2015-12-01,47.4,49.45,43.0,43.3,442253,,,
2015-12-02,43.55,51.0,43.2,49.3,842924,,,
2015-12-03,49.3,53.0,48.85,50.0,580806,,,
2015-12-04,49.9,53.8,49.85,51.3,459366,,,
2015-12-07,51.6,52.3,48.5,49.45,203321,,,
2015-12-08,50.0,50.5,46.2,46.95,139644,,,
2015-12-09,46.5,47.5,42.5,43.1,161264,,,
2015-12-10,43.2,47.05,42.15,46.55,130899,,,
2015-12-11,47.6,47.85,44.8,46.1,109163,,,
2015-12-14,44.65,47.9,43.4,44.6,89355,,,
2015-12-15,46.0,46.0,44.0,44.45,59664,,,
2015-12-16,44.85,47.0,44.55,45.95,141402,,,
2015-12-17,46.7,51.0,46.35,50.4,417662,,,
2015-12-18,50.35,51.9,48.9,49.65,179206,,,
2015-12-21,49.0,53.35,49.0,51.25,234539,,,
2015-12-22,51.7,54.35,50.3,52.75,301858,,,
2015-12-23,52.9,55.0,51.05,52.45,240735,,,
2015-12-24,52.3,52.9,50.15,50.9,172651,,,
2015-12-28,51.25,51.3,49.75,50.1,80613,,,
2015-12-29,50.45,51.0,48.25,48.7,77852,,,
2015-12-30,48.75,51.35,48.6,50.25,123988,,,
2015-12-31,50.45,50.5,48.5,48.85,53063,,,
2016-01-01,48.2,53.0,48.2,51.2,216098,,,
2016-01-04,51.35,54.0,50.2,53.25,242875,,,
2016-01-05,53.95,61.9,53.95,60.15,817300,,,
2016-01-06,60.45,62.9,56.5,57.2,421665,,,
2016-01-07,56.15,56.15,52.4,53.15,319602,,,
2016-01-08,56.8,57.6,53.0,55.95,203580,,,
2016-01-11,55.2,56.6,53.25,55.55,106169,,,
2016-01-12,56.05,57.7,52.2,53.25,167630,,,
2016-01-13,54.25,56.0,45.8,48.95,309225,,,
2016-01-14,47.9,51.5,45.0,48.15,162947,,,
2016-01-15,51.9,51.9,43.1,43.7,127169,,,
2016-01-18,42.75,43.4,37.55,38.35,174653,,,
2016-01-19,37.1,40.8,36.8,39.7,156443,,,
2016-01-20,39.0,39.0,35.75,36.7,75162,,,
2016-01-21,37.7,38.95,37.3,37.85,92452,,,
2016-01-22,38.55,40.6,38.05,40.2,72009,,,
2016-01-25,40.95,44.2,40.8,44.2,92084,,,
2016-01-27,45.4,46.95,42.8,43.4,102172,,,
2016-01-28,44.1,45.5,42.35,44.1,48164,,,
2016-01-29,43.8,45.95,43.8,44.75,30436,,,
2016-02-01,45.8,46.8,45.1,46.0,42539,,,
2016-02-02,46.3,47.8,44.8,45.7,78264,,,
2016-02-03,42.5,44.5,42.25,43.1,38197,,,
2016-02-04,43.55,44.5,38.8,40.55,76602,,,
2016-02-05,39.05,43.05,38.5,42.0,41761,,,
2016-02-08,42.5,43.9,41.2,42.3,26790,,,
2016-02-09,42.5,42.5,40.65,41.4,21655,,,
2016-02-10,42.05,42.85,39.15,39.9,37418,,,
2016-02-11,40.1,40.25,36.65,37.05,36623,,,
2016-02-12,37.85,37.9,31.5,34.1,73559,,,
2016-02-15,35.2,37.8,35.0,35.6,37542,,,
2016-02-16,36.5,36.5,33.85,34.25,37440,,,
2016-02-17,33.9,33.95,32.4,33.35,30110,,,
2016-02-18,34.4,35.4,33.75,34.05,15891,,,
2016-02-19,33.3,34.85,33.25,34.35,8682,,,
2016-02-22,33.95,35.9,33.95,35.0,20628,,,
2016-02-23,34.8,35.35,33.1,33.8,23383,,,
2016-02-24,33.55,34.05,33.3,33.9,22000,,,
2016-02-25,33.55,34.45,33.2,33.6,8569,,,
2016-02-26,33.75,34.7,33.05,34.0,7775,,,
2016-02-29,33.6,34.3,33.05,33.1,9907,,,
2016-03-01,32.7,34.9,32.7,34.4,28785,,,
2016-03-02,35.2,38.25,35.15,36.05,34868,,,
2016-03-03,37.35,38.5,36.75,37.65,28277,,,
2016-03-04,38.05,39.4,36.1,38.45,49641,,,
2016-03-08,39.6,39.6,37.35,37.8,28690,,,
2016-03-09,37.25,38.8,36.95,38.5,23461,,,
2016-03-10,38.55,41.0,38.0,39.35,41038,,,
2016-03-11,39.0,40.2,38.2,38.75,25892,,,
2016-03-14,39.3,40.9,38.15,38.6,26755,,,
2016-03-15,38.6,39.0,37.7,37.9,15321,,,
2016-03-16,38.0,38.25,36.2,37.35,21576,,,
2016-03-17,38.5,38.5,36.55,36.8,15784,,,
2016-03-18,37.05,38.3,36.5,36.8,27904,,,
2016-03-21,37.2,37.8,36.5,36.85,9539,,,
2016-03-22,36.45,38.0,36.45,37.35,24087,,,
2016-03-23,37.1,37.5,36.15,36.6,13730,,,
2016-03-28,36.05,36.75,34.05,34.5,16469,,,
2016-03-29,34.0,34.35,31.5,32.8,75173,,,
2016-03-30,33.85,34.15,32.2,33.3,59054,,,
2016-03-31,32.4,33.45,32.4,32.75,27083,,,
2016-04-01,32.75,34.5,32.75,33.85,26610,,,
2016-04-04,33.7,35.05,33.65,34.6,31600,,,
2016-04-05,34.85,36.0,34.2,34.35,24125,,,
2016-04-06,33.9,35.25,33.9,34.5,18822,,,
2016-04-07,34.3,35.0,34.0,34.4,40303,,,
2016-04-08,34.8,34.8,33.85,34.15,11661,,,
2016-04-11,34.5,35.0,34.15,34.85,13446,,,
2016-04-12,35.5,36.5,35.0,35.4,29527,,,
2016-04-13,35.85,36.5,35.5,36.15,32058,,,
2016-04-18,36.05,37.35,35.65,36.3,26564,,,
2016-04-20,37.25,38.2,36.5,36.85,34895,,,
2016-04-21,37.7,37.85,36.5,36.85,14509,,,
2016-04-22,36.35,37.3,36.0,36.7,6011,,,
2016-04-25,36.2,36.95,35.3,35.55,16740,,,
2016-04-26,35.5,37.45,35.4,35.8,62177,,,
2016-04-27,35.9,36.4,35.25,35.35,16686,,,
2016-04-28,35.5,36.5,34.65,35.05,19407,,,
2016-04-29,35.05,35.5,34.25,34.5,7801,,,
2016-05-02,34.1,36.0,33.6,34.55,14114,,,
2016-05-03,34.25,35.65,33.9,34.15,13797,,,
2016-05-04,35.15,35.15,33.3,33.45,18938,,,
2016-05-05,34.0,34.4,33.4,33.65,5754,,,
2016-05-06,33.55,34.15,33.05,33.25,10057,,,
2016-05-09,33.7,34.0,33.0,33.15,12822,,,
2016-05-10,34.4,34.4,33.5,34.15,16423,,,
2016-05-11,33.8,34.05,33.1,33.6,4327,,,
2016-05-12,33.65,35.2,33.6,34.8,16772,,,
2016-05-13,34.8,36.75,34.65,36.15,56573,,,
2016-05-16,36.3,37.2,35.3,36.3,24249,,,
2016-05-17,36.95,37.1,35.7,36.8,35700,,,
2016-05-18,36.75,37.5,35.7,36.0,23696,,,
2016-05-19,35.9,36.45,35.0,35.15,7668,,,
2016-05-20,36.4,36.4,34.1,34.25,15854,,,
2016-05-23,35.4,35.4,32.9,33.1,13828,,,
2016-05-24,35.0,35.0,33.1,33.25,7990,,,
2016-05-25,35.5,35.5,33.35,34.1,10785,,,
2016-05-26,34.45,34.5,33.0,33.2,24962,,,
2016-05-27,34.0,34.7,33.0,34.2,9137,,,
2016-05-30,34.05,35.35,33.1,33.3,17825,,,
2016-05-31,34.5,35.4,33.5,33.85,38602,,,
2016-06-01,33.7,36.8,33.7,36.0,27796,,,
2016-06-02,35.95,43.2,35.95,43.2,673630,,,
2016-06-03,43.9,44.95,38.2,38.6,306108,,,
2016-06-06,39.45,41.65,38.25,40.35,188555,,,
2016-06-07,41.15,41.2,39.5,39.8,22460,,,
2016-06-08,39.5,40.6,38.5,39.75,59378,,,
2016-06-09,39.55,41.0,39.45,40.0,29256,,,
2016-06-10,39.95,40.0,38.4,38.6,43076,,,
2016-06-13,38.45,38.95,37.05,37.75,30936,,,
2016-06-14,39.2,41.4,36.25,40.25,86578,,,
2016-06-15,40.4,42.35,38.85,41.7,145991,,,
2016-06-16,42.15,43.3,39.8,40.7,71018,,,
2016-06-17,41.4,41.75,39.0,39.95,45373,,,
2016-06-20,39.35,40.7,38.65,40.25,27884,,,
2016-06-21,40.05,40.85,39.5,39.7,13960,,,
2016-06-22,40.05,40.6,38.5,38.95,17023,,,
2016-06-23,38.2,39.2,38.1,38.85,26000,,,
2016-06-24,37.4,38.55,34.95,38.25,48331,,,
2016-06-27,37.7,41.0,37.7,39.75,27694,,,
2016-06-28,40.35,42.95,40.35,41.15,108260,,,
2016-06-29,40.75,42.05,40.75,41.15,20440,,,
2016-06-30,41.45,43.5,40.1,42.6,226123,,,
2016-07-01,44.0,45.0,42.0,42.3,109482,,,
2016-07-04,42.4,44.0,41.0,42.6,66080,,,
2016-07-05,42.6,42.6,41.0,41.35,34370,,,
2016-07-07,41.35,41.95,40.85,41.05,18888,,,
2016-07-08,41.3,41.45,39.9,40.15,29722,,,
2016-07-11,41.25,41.75,40.3,40.6,28497,,,
2016-07-12,41.0,41.3,40.3,40.4,12589,,,
2016-07-13,40.45,41.0,39.0,39.5,32482,,,
2016-07-14,38.95,40.2,38.9,39.5,13622,,,
2016-07-15,39.9,40.0,38.6,38.9,21601,,,
2016-07-18,38.95,39.85,38.95,39.0,12946,,,
2016-07-19,38.75,39.25,38.1,38.55,6861,,,
2016-07-20,38.9,40.8,38.05,40.25,34347,,,
2016-07-21,40.0,40.9,38.4,38.6,46500,,,
2016-07-22,38.45,39.45,38.05,39.0,12768,,,
2016-07-25,39.0,39.9,38.15,39.15,12049,,,
2016-07-26,39.15,39.5,38.05,38.15,35394,,,
2016-07-27,38.15,38.85,37.65,38.1,12453,,,
2016-07-28,37.85,38.9,37.7,37.85,18826,,,
2016-07-29,37.65,38.7,37.65,38.25,13378,,,
2016-08-01,37.8,39.3,36.7,37.35,33070,,,
2016-08-02,37.05,37.55,36.5,36.65,19489,,,
2016-08-03,36.45,38.3,35.25,36.15,20726,,,
2016-08-04,36.8,36.8,35.55,35.7,13066,,,
2016-08-05,35.8,36.85,35.7,36.6,23478,,,
2016-08-08,36.35,36.95,35.85,36.3,10311,,,
2016-08-09,36.35,37.5,36.25,36.95,8375,,,
2016-08-10,37.35,37.35,36.05,36.2,14329,,,
2016-08-11,35.7,36.45,35.3,35.75,13976,,,
2016-08-12,35.7,38.2,34.75,35.25,45713,,,
2016-08-16,35.0,35.0,34.0,34.2,13290,,,
2016-08-17,33.85,34.75,33.85,34.45,14535,,,
2016-08-18,34.6,35.85,34.1,34.3,20282,,,
2016-08-19,34.5,35.5,34.5,35.2,10918,,,
2016-08-22,35.8,37.0,35.05,35.55,9828,,,
2016-08-23,35.5,36.0,35.2,35.5,5902,,,
2016-08-24,35.6,36.45,35.2,35.75,9277,,,
2016-08-25,35.4,36.25,34.75,35.15,14175,,,
2016-08-26,35.35,35.95,34.6,34.85,11500,,,
2016-08-29,34.7,35.8,34.5,34.55,8715,,,
2016-08-30,34.5,35.4,34.5,34.8,7913,,,
2016-08-31,34.85,35.5,34.6,34.7,12221,,,
2016-09-01,35.5,35.5,33.75,34.1,21106,,,
2016-09-02,34.2,34.9,33.1,34.6,45141,,,
2016-09-06,34.7,35.5,34.1,34.45,20668,,,
2016-09-07,34.35,34.9,33.8,33.95,21031,,,
2016-09-08,34.45,35.5,33.8,35.0,22125,,,
2016-09-09,35.05,38.3,34.6,36.55,130105,,,
2016-09-12,35.95,36.35,35.1,35.2,10449,,,
2016-09-14,35.2,36.0,34.65,35.4,10517,,,
2016-09-15,36.25,37.5,35.5,36.55,41487,,,
2016-09-16,37.45,37.8,36.05,36.75,54159,,,
2016-09-19,36.15,37.45,36.15,36.55,10086,,,
2016-09-20,37.45,37.9,36.35,37.05,14821,,,
2016-09-21,36.8,37.5,36.45,36.6,11855,,,
2016-09-22,36.4,37.25,36.1,36.95,20989,,,
2016-09-23,37.35,37.65,36.3,36.5,25766,,,
2016-09-26,37.4,37.5,35.8,36.65,17987,,,
2016-09-27,36.45,40.35,36.45,38.65,166750,,,
2016-09-28,40.0,45.3,39.2,41.8,580760,,,
2016-09-29,42.7,42.7,36.0,36.55,165436,,,
2016-09-30,37.8,38.95,36.2,38.6,71635,,,
2016-10-03,38.7,39.9,38.1,39.7,48809,,,
2016-10-04,39.05,41.3,39.05,40.25,36351,,,
2016-10-05,40.8,46.8,39.6,45.35,320316,,,
2016-10-06,46.0,46.95,42.2,43.45,124466,,,
2016-10-07,42.1,44.75,42.1,43.3,60050,,,
2016-10-10,43.9,44.95,43.0,43.75,35819,,,
2016-10-13,44.45,44.45,40.45,41.15,37370,,,
2016-10-14,41.0,42.0,40.3,41.6,38089,,,
2016-10-17,41.0,42.35,41.0,41.6,9997,,,
2016-10-18,40.75,43.25,40.75,42.4,27329,,,
2016-10-19,42.1,43.3,42.0,42.4,14941,,,
2016-10-20,42.6,43.2,42.0,42.15,13662,,,
2016-10-21,42.0,43.35,40.25,40.4,29245,,,
2016-10-24,40.5,41.45,40.5,41.2,12626,,,
2016-10-25,40.9,41.5,40.8,41.0,11264,,,
2016-10-26,40.75,41.3,40.5,40.8,12115,,,
2016-10-27,40.4,41.15,40.05,40.3,7334,,,
2016-10-28,39.5,41.9,39.5,41.25,16137,,,
2016-10-30,43.0,43.0,41.25,41.9,11343,,,
2016-11-01,43.0,43.0,41.05,41.2,20419,,,
2016-11-02,41.45,41.45,39.6,40.6,21246,,,
2016-11-03,40.0,41.5,39.35,39.75,23137,,,
2016-11-04,41.3,41.3,36.25,39.05,31733,,,
2016-11-07,40.6,40.6,38.6,38.7,14420,,,
2016-11-08,39.9,39.9,38.05,38.3,6586,,,
2016-11-09,35.6,38.0,32.5,37.9,15677,,,
2016-11-10,39.0,39.6,38.4,39.35,13682,,,
2016-11-11,40.35,40.35,37.45,38.0,3662,,,
2016-11-15,37.0,39.45,34.05,34.6,25176,,,
2016-11-16,34.2,36.95,34.0,34.3,7877,,,
2016-11-17,33.0,35.6,33.0,33.1,34749,,,
2016-11-18,34.0,34.0,31.3,31.55,29549,,,
2016-11-21,31.85,31.85,25.8,27.25,83045,,,
2016-11-22,27.45,28.6,26.3,28.4,38688,,,
2016-11-23,29.9,31.7,28.35,30.55,40155,,,
2016-11-24,30.0,31.25,30.0,30.55,15510,,,
2016-11-25,30.0,32.65,30.0,32.25,23616,,,
2016-11-28,31.5,35.2,30.8,34.95,32477,,,
2016-11-29,34.2,35.6,33.6,34.9,15123,,,
2016-11-30,35.0,35.6,34.55,34.85,7771,,,
2016-12-01,35.35,37.05,34.9,36.15,36823,,,
2016-12-02,37.0,37.0,35.35,35.8,17537,,,
2016-12-05,37.2,37.2,34.55,35.15,6064,,,
2016-12-06,35.4,36.4,35.0,35.6,7449,,,
2016-12-07,35.5,36.4,35.25,35.3,5050,,,
2016-12-08,35.5,36.3,35.3,35.5,5008,,,
2016-12-09,35.3,36.3,35.3,35.8,7899,,,
2016-12-12,35.35,36.25,35.3,35.6,29505,,,
2016-12-13,35.5,36.15,35.45,35.7,3282,,,
2016-12-14,35.4,36.7,35.1,35.8,13118,,,
2016-12-15,35.8,36.75,35.0,35.45,5265,,,
2016-12-16,35.05,36.2,35.05,35.3,4570,,,
2016-12-19,35.0,36.9,34.8,35.15,10634,,,
2016-12-20,34.6,36.3,34.6,35.0,7367,,,
2016-12-21,34.9,35.4,34.9,35.15,5346,,,
2016-12-22,35.0,35.25,34.0,34.15,9000,,,
2016-12-23,33.7,35.0,33.6,33.95,7199,,,
2016-12-26,33.45,34.7,32.5,33.15,3673,,,
2016-12-27,33.0,33.15,32.35,33.05,7277,,,
2016-12-28,33.0,34.75,32.15,33.8,8744,,,
2016-12-29,33.55,34.7,33.55,34.45,4772,,,
2016-12-30,34.0,35.0,34.0,34.05,2976,,,
2017-01-02,34.1,36.0,34.1,35.45,15467,,,
2017-01-03,35.8,41.7,35.8,40.15,273097,,,
2017-01-04,41.8,41.8,38.15,39.8,55334,,,
2017-01-05,41.0,41.0,38.1,39.7,29042,,,
2017-01-06,40.95,40.95,38.8,39.65,38090,,,
2017-01-09,41.0,41.0,38.55,39.6,8326,,,
2017-01-10,39.6,40.5,38.35,39.15,17815,,,
2017-01-11,40.5,40.5,38.6,38.85,16183,,,
2017-01-12,38.6,39.7,38.0,38.3,7554,,,
2017-01-13,39.05,39.05,36.35,37.7,12169,,,
2017-01-16,39.0,39.0,37.25,38.75,14493,,,
2017-01-17,38.5,39.2,38.0,38.35,24973,,,
2017-01-18,39.0,39.0,38.05,38.1,9780,,,
2017-01-19,38.95,38.95,38.0,38.7,10493,,,
2017-01-20,39.0,39.0,37.2,37.65,11237,,,
2017-01-23,38.25,38.25,37.25,37.45,3242,,,
2017-01-24,38.2,38.2,35.9,37.25,34876,,,
2017-01-25,38.1,38.4,36.0,36.55,35074,,,
2017-01-27,36.1,37.25,36.1,36.85,12187,,,
2017-01-30,36.8,36.95,36.3,36.55,6462,,,
2017-01-31,36.15,37.2,35.15,35.5,16859,,,
2017-02-01,35.25,35.85,35.25,35.65,6841,,,
2017-02-02,35.6,36.5,35.15,35.5,24349,,,
2017-02-03,35.5,36.75,35.5,36.55,8948,,,
2017-02-06,38.55,38.55,37.15,37.4,26032,,,
2017-02-07,37.9,38.25,36.0,36.6,39429,,,
2017-02-08,37.5,39.8,36.4,38.9,42431,,,
2017-02-09,39.5,40.0,38.3,38.95,25949,,,
2017-02-10,38.5,38.95,37.7,38.05,22352,,,
2017-02-13,37.7,37.95,36.1,36.65,9194,,,
2017-02-14,36.1,41.05,36.1,39.45,88201,,,
2017-02-15,43.0,44.0,40.3,41.0,223649,,,
2017-02-16,40.7,41.7,40.0,40.3,45619,,,
2017-02-17,40.0,41.0,39.1,39.45,30317,,,
2017-02-20,39.0,40.9,39.0,40.15,45822,,,
2017-02-21,40.5,40.5,39.45,39.7,11274,,,
2017-02-22,40.8,40.8,39.15,39.25,13827,,,
2017-02-23,40.2,40.5,39.35,39.75,22519,,,
2017-02-27,40.5,40.5,39.0,39.1,11280,,,
2017-02-28,38.3,39.6,38.3,38.45,21173,,,
2017-03-01,39.9,39.9,38.1,39.1,10351,,,
2017-03-02,40.0,40.0,38.1,38.4,12532,,,
2017-03-03,38.0,38.95,37.7,37.85,22564,,,
2017-03-06,37.1,38.75,37.1,37.6,5755,,,
2017-03-07,38.0,38.0,37.3,37.45,11685,,,
2017-03-08,37.25,38.75,36.5,37.6,18624,,,
2017-03-09,37.15,38.3,37.05,37.55,10892,,,
2017-03-10,37.45,38.85,37.45,38.2,26706,,,
2017-03-14,38.5,40.4,38.0,39.75,54635,,,
2017-03-15,40.5,44.4,40.0,42.05,506307,,,
2017-03-16,42.7,42.9,40.85,41.2,50353,,,
2017-03-17,41.45,41.85,39.4,40.65,50191,,,
2017-03-20,39.5,40.85,39.5,39.7,21897,,,
2017-03-21,39.5,39.7,38.8,39.05,16114,,,
2017-03-22,40.0,40.0,37.5,37.85,29202,,,
2017-03-23,37.75,38.9,37.75,38.0,13004,,,
2017-03-24,37.7,38.9,37.7,37.95,11188,,,
2017-03-27,37.85,39.4,37.85,37.9,19250,,,
2017-03-28,37.9,38.25,37.45,37.7,15366,,,
2017-03-29,38.0,40.45,37.6,38.05,85916,,,
2017-03-30,38.05,38.5,37.5,37.8,30254,,,
2017-03-31,38.3,38.6,37.7,38.0,13397,,,
2017-04-03,37.75,39.45,37.75,39.25,24159,,,
2017-04-05,38.4,40.75,38.4,40.1,56148,,,
2017-04-06,39.8,40.55,39.6,39.65,23770,,,
2017-04-07,39.0,39.95,38.15,38.9,15009,,,
2017-04-10,38.7,39.9,38.7,39.1,14368,,,
2017-04-11,39.2,40.9,39.2,40.3,34995,,,
2017-04-12,40.0,42.2,38.5,41.65,110826,,,
2017-04-13,42.0,46.0,41.6,43.55,481047,,,
2017-04-17,45.0,47.0,45.0,45.45,230067,,,
2017-04-18,45.75,47.0,44.5,44.95,123749,,,
2017-04-19,45.05,45.9,43.0,44.3,53963,,,
2017-04-20,44.0,46.5,44.0,45.55,74356,,,
2017-04-21,46.05,50.85,45.5,48.9,414759,,,
2017-04-24,48.6,49.5,46.35,46.9,122982,,,
2017-04-25,47.45,47.5,45.4,45.7,59542,,,
2017-04-26,46.45,46.45,44.65,44.9,37856,,,
2017-04-27,45.0,48.85,44.1,46.9,131155,,,
2017-04-28,46.9,47.4,45.25,45.55,39815,,,
2017-05-02,46.0,46.3,44.8,45.55,17553,,,
2017-05-03,45.1,46.9,44.7,45.1,28903,,,
2017-05-04,44.4,46.8,43.85,44.2,37646,,,
2017-05-05,44.5,44.5,42.6,42.8,27117,,,
2017-05-08,44.5,44.5,42.1,42.35,37587,,,
2017-05-09,42.1,46.85,42.1,45.75,61680,,,
2017-05-10,46.0,46.5,43.9,44.7,24207,,,
2017-05-11,44.5,46.0,43.6,44.05,38895,,,
2017-05-12,44.05,44.8,43.0,43.1,15604,,,
2017-05-15,43.75,44.5,42.65,43.55,25940,,,
2017-05-16,43.0,47.8,43.0,46.5,93272,,,
2017-05-17,46.5,47.35,45.0,45.25,27452,,,
2017-05-18,45.0,45.0,43.8,43.9,20398,,,
2017-05-19,43.55,43.9,41.55,42.1,40512,,,
2017-05-22,41.85,43.6,41.05,41.4,16746,,,
2017-05-23,40.95,41.0,39.0,39.6,43297,,,
2017-05-24,40.5,40.5,38.15,38.2,23299,,,
2017-05-25,38.9,39.9,38.65,39.65,14755,,,
2017-05-26,40.75,41.45,39.3,40.4,22745,,,
2017-05-29,40.0,40.0,37.4,38.4,27255,,,
2017-05-30,38.0,39.55,38.0,38.7,12684,,,
2017-05-31,38.2,39.35,37.65,38.05,13874,,,
2017-06-01,38.0,39.8,38.0,38.65,23120,,,
2017-06-02,39.7,39.7,38.25,39.25,20145,,,
2017-06-05,39.1,39.8,37.9,38.15,20806,,,
2017-06-06,38.0,38.85,36.75,37.0,19034,,,
2017-06-07,37.15,37.95,36.6,36.95,10615,,,
2017-06-08,36.5,39.0,36.15,37.85,33367,,,
2017-06-09,38.0,39.5,37.6,37.85,16314,,,
2017-06-12,37.5,38.9,37.15,37.4,10789,,,
2017-06-13,37.5,38.85,37.5,37.75,9578,,,
2017-06-14,37.1,38.0,37.1,37.85,7051,,,
2017-06-15,38.0,39.0,37.45,38.4,12779,,,
2017-06-16,38.3,39.0,37.0,37.3,8908,,,
2017-06-19,37.05,38.3,37.05,38.05,4725,,,
2017-06-20,37.5,38.1,37.5,37.7,5320,,,
2017-06-21,37.6,38.5,37.45,37.7,5947,,,
2017-06-22,37.65,39.4,37.5,38.1,27224,,,
2017-06-23,38.0,38.85,37.15,37.5,11099,,,
2017-06-27,37.45,37.45,35.25,35.65,12967,,,
2017-06-28,35.0,35.5,34.55,34.9,17278,,,
2017-06-29,35.15,38.0,35.0,35.65,13742,,,
2017-06-30,35.0,37.0,34.75,36.3,14854,,,
2017-07-03,35.6,36.95,35.6,36.45,21469,,,
2017-07-04,36.0,36.75,35.55,36.05,9074,,,
2017-07-05,36.0,37.0,36.0,36.45,13399,,,
2017-07-06,36.55,37.2,36.1,36.75,13277,,,
2017-07-07,37.0,37.85,36.85,37.45,12766,,,
2017-07-10,37.1,38.6,37.0,37.85,5372,,,
2017-07-11,37.5,38.0,36.9,37.0,15494,,,
2017-07-12,37.0,37.0,36.5,36.5,9450,,,
2017-07-13,36.6,36.9,36.2,36.65,8488,,,
2017-07-14,36.5,39.4,36.45,38.25,21034,,,
2017-07-17,38.0,38.75,37.2,37.5,16536,,,
2017-07-18,37.0,37.8,36.25,36.7,11132,,,
2017-07-19,37.5,37.5,36.4,37.3,12553,,,
2017-07-20,37.4,38.0,37.4,37.65,16121,,,
2017-07-21,38.75,38.75,37.05,37.4,6894,,,
2017-07-24,37.0,37.95,35.4,36.45,11287,,,
2017-07-25,37.2,37.3,35.85,36.5,17197,,,
2017-07-26,37.1,37.45,36.2,36.35,20808,,,
2017-07-27,36.45,36.9,35.4,35.6,20394,,,
2017-07-28,37.0,38.0,34.5,35.8,9161,,,
2017-07-31,37.4,37.45,35.35,35.5,25417,,,
2017-08-01,35.35,37.45,35.15,35.8,12654,,,
2017-08-02,35.45,36.3,35.3,35.35,4219,,,
2017-08-03,36.5,36.7,34.25,34.35,18323,,,
2017-08-04,34.5,34.6,32.7,33.2,16241,,,
2017-08-07,33.8,34.85,32.4,33.55,17961,,,
2017-08-08,33.9,34.5,33.0,33.55,8977,,,
2017-08-09,33.1,33.9,32.25,32.45,11398,,,
2017-08-10,32.0,32.75,29.3,30.3,14442,,,
2017-08-11,28.3,30.6,28.0,30.2,23186,,,
2017-08-14,29.1,33.0,29.1,32.0,19876,,,
2017-08-16,31.85,33.0,30.0,31.3,15656,,,
2017-08-17,31.0,31.75,30.25,30.65,11685,,,
2017-08-18,30.25,31.75,29.8,31.2,21522,,,
2017-08-21,31.3,32.4,30.25,30.9,10027,,,
2017-08-22,31.1,31.35,30.3,30.35,6858,,,
2017-08-23,30.45,31.35,30.35,30.8,3670,,,
2017-08-24,30.3,31.35,30.1,30.9,24405,,,
2017-08-28,30.9,31.4,30.8,30.85,7557,,,
2017-08-29,31.0,31.25,30.4,31.0,9758,,,
2017-08-30,31.3,31.85,31.0,31.2,9481,,,
2017-08-31,30.9,32.0,30.85,31.7,4851,,,
2017-09-01,31.7,31.9,31.15,31.25,17931,,,
2017-09-04,31.9,31.9,30.3,30.5,13009,,,
2017-09-05,30.3,31.6,30.3,30.95,4266,,,
2017-09-06,30.8,31.25,30.5,31.05,10886,,,
2017-09-07,30.65,31.65,30.65,31.05,13005,,,
2017-09-08,31.2,32.4,30.85,31.7,155252,,,
2017-09-11,32.5,33.0,32.3,32.45,21682,,,
2017-09-12,32.5,32.75,31.7,31.8,8670,,,
2017-09-13,31.7,32.95,31.7,32.15,16312,,,
2017-09-14,31.8,34.75,31.8,33.0,42989,,,
2017-09-15,34.5,36.0,34.0,34.55,150067,,,
2017-09-18,35.6,35.6,33.7,33.8,13462,,,
2017-09-19,33.6,34.55,32.05,32.4,33890,,,
2017-09-20,32.3,35.45,31.6,34.1,156376,,,
2017-09-21,34.25,34.8,32.7,34.15,35317,,,
2017-09-22,33.7,34.1,32.5,32.8,19930,,,
2017-09-25,32.8,32.8,31.1,31.8,12999,,,
2017-09-26,31.0,32.0,30.65,31.6,17806,,,
2017-09-27,31.2,31.8,30.9,30.95,6142,,,
2017-09-28,30.6,32.2,30.5,30.85,13233,,,
2017-09-29,31.0,31.75,29.8,30.55,15702,,,
2017-10-03,31.45,32.0,30.6,31.15,11115,,,
2017-10-04,30.9,31.7,30.5,31.15,2306,,,
2017-10-05,30.9,32.0,30.9,31.65,6697,,,
2017-10-06,31.05,32.45,31.0,31.85,11861,,,
2017-10-09,32.25,32.65,31.7,32.0,14095,,,
2017-10-10,31.8,32.25,31.4,31.6,18140,,,
2017-10-11,31.6,36.5,31.55,35.3,100662,,,
2017-10-12,36.8,36.8,34.0,34.35,21167,,,
2017-10-13,33.9,34.4,32.3,32.9,8779,,,
2017-10-16,32.7,34.8,32.35,33.45,23055,,,
2017-10-17,33.0,33.05,32.0,32.15,14235,,,
2017-10-18,32.0,33.0,31.35,32.35,7759,,,
2017-10-19,32.2,33.55,32.2,33.05,3214,,,
2017-10-23,33.0,35.05,32.6,34.65,18493,,,
2017-10-24,34.1,34.8,33.35,34.35,21651,,,
2017-10-25,34.0,35.0,33.5,34.05,17804,,,
2017-10-26,33.0,34.5,33.0,34.0,11262,,,
2017-10-27,34.7,35.5,33.25,34.85,22228,,,
2017-10-30,34.85,34.85,34.1,34.25,5424,,,
2017-10-31,34.3,41.1,34.2,40.25,411646,,,
2017-11-01,40.0,40.0,37.55,37.9,102809,,,
2017-11-02,37.5,39.45,37.5,37.9,43953,,,
2017-11-03,37.6,38.75,37.6,37.9,29523,,,
2017-11-06,38.05,38.05,37.1,37.25,13987,,,
2017-11-07,37.15,38.5,36.25,36.6,20929,,,
2017-11-08,36.5,37.05,35.3,35.45,11184,,,
2017-11-09,36.05,42.5,35.5,39.2,976074,,,
2017-11-10,39.65,39.65,36.8,37.55,102112,,,
2017-11-13,37.4,38.15,36.15,36.5,29786,,,
2017-11-14,36.0,36.55,35.65,36.15,22270,,,
2017-11-15,35.9,35.9,33.25,33.65,35669,,,
2017-11-16,34.5,35.0,34.0,34.6,9242,,,
2017-11-17,34.2,36.0,34.15,34.45,21291,,,
2017-11-20,34.0,36.4,34.0,35.9,25624,,,
2017-11-21,35.8,36.5,35.35,35.9,44197,,,
2017-11-22,35.8,36.5,35.0,35.1,21767,,,
2017-11-23,35.25,38.7,35.0,37.5,52155,,,
2017-11-24,37.55,40.0,37.15,37.75,115287,,,
2017-11-27,37.0,38.5,35.6,36.9,22420,,,
2017-11-28,36.8,38.2,36.35,36.55,27882,,,
2017-11-29,35.8,37.0,35.8,36.5,9396,,,
2017-11-30,36.0,36.9,35.8,36.25,14804,,,
2017-12-01,36.0,39.0,36.0,37.2,102938,,,
2017-12-04,36.55,39.3,36.55,37.8,50142,,,
2017-12-05,37.05,38.15,37.05,37.6,22405,,,
2017-12-06,37.6,38.0,36.5,36.7,35229,,,
2017-12-07,36.2,37.6,35.85,36.85,30065,,,
2017-12-08,37.0,37.9,36.6,36.85,33987,,,
2017-12-11,37.05,37.45,36.65,36.7,14104,,,
2017-12-12,37.6,37.6,35.6,35.85,21279,,,
2017-12-13,36.0,36.6,34.35,34.55,42385,,,
2017-12-14,35.9,35.9,33.5,33.85,30619,,,
2017-12-15,34.9,35.9,33.9,34.4,28840,,,
2017-12-18,35.0,35.25,33.2,34.55,35102,,,
2017-12-19,34.65,36.5,34.6,36.05,24510,,,
2017-12-20,35.2,37.5,35.2,36.25,48330,,,
2017-12-21,36.95,38.75,36.1,37.3,133735,,,
2017-12-22,37.75,39.25,37.25,37.8,122410,,,
2017-12-26,38.4,38.4,37.3,37.55,44120,,,
2017-12-27,37.75,38.9,37.25,37.65,133399,,,
2017-12-28,38.0,40.25,37.4,38.85,198138,,,
2017-12-29,40.0,40.0,38.0,38.1,63832,,,
2018-01-01,38.4,40.45,37.7,38.9,135582,,,
2018-01-02,39.0,39.6,38.1,39.15,38868,,,
2018-01-03,38.55,43.4,38.5,42.6,374367,,,
2018-01-04,43.95,46.9,43.6,44.75,353862,,,
2018-01-05,45.1,45.1,41.1,42.3,147353,,,
2018-01-08,43.9,43.9,40.65,41.95,81372,,,
2018-01-09,42.45,42.5,41.05,41.45,38198,,,
2018-01-10,41.0,41.9,40.4,41.05,23617,,,
2018-01-11,40.25,42.5,40.25,41.35,28309,,,
2018-01-12,41.0,43.5,40.9,41.15,41587,,,
2018-01-15,41.25,43.0,40.3,40.65,22417,,,
2018-01-16,40.5,43.0,39.3,39.6,60078,,,
2018-01-17,40.0,40.0,37.8,39.2,52196,,,
2018-01-18,40.0,40.8,37.65,38.3,37420,,,
2018-01-19,38.0,38.45,36.85,37.9,18394,,,
2018-01-22,38.9,38.9,37.15,37.35,30948,,,
2018-01-23,38.2,38.3,36.65,36.9,36987,,,
2018-01-24,36.95,37.5,35.5,36.1,85521,,,
2018-01-25,36.8,36.8,35.6,36.25,23999,,,
2018-01-29,35.55,36.1,35.0,35.05,29765,,,
2018-01-30,35.8,35.8,34.65,35.15,17151,,,
2018-01-31,35.0,35.8,34.7,34.9,16367,,,
2018-02-01,36.9,36.9,34.25,34.95,14341,,,
2018-02-02,34.9,34.9,30.3,33.3,21613,,,
2018-02-05,33.0,33.5,30.5,33.0,14147,,,
2018-02-06,30.45,32.0,30.15,31.75,25483,,,
2018-02-07,33.9,34.9,32.1,33.15,12464,,,
2018-02-08,32.9,35.0,32.45,34.45,30229,,,
2018-02-09,33.0,35.4,33.0,34.7,21316,,,
2018-02-12,34.0,35.0,33.5,34.2,24862,,,
2018-02-14,34.0,35.3,33.65,34.05,13753,,,
2018-02-15,34.0,34.35,32.4,33.0,27975,,,
2018-02-16,33.0,33.7,32.4,33.1,8855,,,
2018-02-19,32.5,33.6,31.7,31.95,19514,,,
2018-02-20,33.95,33.95,31.4,32.1,15154,,,
2018-02-21,32.85,32.85,31.45,31.8,14627,,,
2018-02-22,33.1,33.1,31.25,31.45,6393,,,
2018-02-23,32.0,32.65,31.6,32.2,6156,,,
2018-02-26,32.25,33.5,31.9,32.4,12986,,,
2018-02-27,32.75,32.8,31.6,31.7,6970,,,
2018-02-28,32.45,32.45,30.35,31.1,9398,,,
2018-03-01,31.5,31.95,31.0,31.4,6217,,,
2018-03-05,31.45,32.0,30.4,30.65,8715,,,
2018-03-06,31.65,31.65,30.25,30.35,3456,,,
2018-03-07,31.6,31.6,27.4,27.8,27236,,,
2018-03-08,28.15,29.9,27.1,28.05,163765,,,
2018-03-09,28.3,31.0,28.0,28.85,30124,,,
2018-03-12,28.0,29.75,28.0,28.65,8252,,,
2018-03-13,28.0,29.45,28.0,28.95,3236,,,
2018-03-14,28.6,29.45,28.55,29.0,5139,,,
2018-03-15,28.5,29.7,28.25,29.2,9803,,,
2018-03-16,29.25,29.3,28.7,28.85,6748,,,
2018-03-19,28.9,28.9,28.2,28.45,10583,,,
2018-03-20,28.2,29.0,27.5,27.85,16635,,,
2018-03-21,27.95,28.5,27.55,27.8,17338,,,
2018-03-22,29.6,29.6,27.1,27.3,15725,,,
2018-03-23,27.3,28.0,26.25,26.55,13319,,,
2018-03-26,28.0,28.0,26.05,26.5,12667,,,
2018-03-27,25.95,28.0,25.95,27.55,19816,,,
2018-03-28,27.0,27.55,26.3,26.9,8953,,,
2018-04-02,28.8,28.8,26.75,27.65,8466,,,
2018-04-03,27.0,29.8,27.0,29.5,20203,,,
2018-04-04,29.15,32.75,29.15,31.1,83586,,,
2018-04-05,30.9,32.4,30.9,31.2,22760,,,
2018-04-06,31.05,31.5,30.6,31.0,11135,,,
2018-04-09,31.0,32.0,31.0,31.35,6467,,,
2018-04-10,30.9,32.4,30.45,30.95,6134,,,
2018-04-11,32.0,32.0,30.25,30.9,7196,,,
2018-04-12,30.9,31.55,30.2,30.45,9506,,,
2018-04-13,31.0,31.25,30.15,30.8,10108,,,
2018-04-16,32.0,32.0,30.1,30.45,11236,,,
2018-04-17,31.0,31.0,30.25,30.55,6254,,,
2018-04-18,30.3,31.35,29.8,30.15,13306,,,
2018-04-19,31.0,31.0,29.5,29.9,5154,,,
2018-04-20,29.7,31.5,29.05,30.1,5728,,,
2018-04-23,31.5,31.5,30.25,31.1,8494,,,
2018-04-24,30.3,31.0,30.3,30.55,4523,,,
2018-04-25,31.5,31.5,29.1,29.55,7097,,,
2018-04-26,31.4,31.4,29.3,29.95,3229,,,
2018-04-27,30.2,30.8,29.55,29.65,10606,,,
2018-04-30,32.0,32.0,29.15,29.45,5273,,,
2018-05-02,31.5,31.5,29.3,29.65,4303,,,
2018-05-03,30.4,30.4,28.35,28.4,6416,,,
2018-05-04,29.3,29.3,28.05,28.8,1313,,,
2018-05-07,29.0,29.6,28.05,28.1,3592,,,
2018-05-08,29.55,29.55,28.0,28.05,4366,,,
2018-05-09,29.5,29.5,27.95,28.05,3258,,,
2018-05-10,29.35,29.4,27.7,28.05,7906,,,
2018-05-11,29.0,29.35,27.4,28.05,3337,,,
2018-05-14,29.5,29.5,27.25,27.45,3830,,,
2018-05-15,28.9,29.0,27.25,27.4,6993,,,
2018-05-16,29.5,29.5,26.9,27.05,4382,,,
2018-05-17,28.85,28.85,26.55,26.85,14917,,,
2018-05-18,28.0,28.0,26.05,26.3,5385,,,
2018-05-21,28.0,28.0,24.95,25.1,10508,,,
2018-05-22,26.9,26.9,25.0,25.4,4249,,,
2018-05-23,25.95,25.95,24.2,24.6,2317,,,
2018-05-24,26.6,26.6,24.2,24.8,3727,,,
2018-05-25,25.5,25.5,24.7,24.85,3950,,,
2018-05-28,26.9,27.0,25.2,26.8,12609,,,
2018-05-29,27.9,27.9,26.15,26.8,3900,,,
2018-05-30,26.25,26.8,26.25,26.7,1150,,,
2018-05-31,27.0,27.0,26.1,26.35,3479,,,
2018-06-01,26.4,26.8,26.0,26.3,4297,,,
2018-06-04,26.8,26.8,25.3,25.45,13038,,,
2018-06-05,25.45,27.9,24.55,24.65,3420,,,
2018-06-06,24.0,26.0,24.0,24.75,2682,,,
2018-06-07,27.3,27.3,24.55,25.0,7882,,,
2018-06-08,26.85,26.85,24.9,25.5,6286,,,
2018-06-11,26.75,26.75,25.45,25.95,2037,,,
2018-06-12,26.4,27.2,25.25,25.9,14454,,,
2018-06-13,27.2,28.0,25.6,27.45,43184,,,
2018-06-14,26.65,27.75,26.65,27.4,10836,,,
2018-06-15,27.0,32.85,26.5,30.75,355115,,,
2018-06-18,29.6,30.5,28.5,28.9,62917,,,
2018-06-19,27.85,29.9,27.55,27.95,29320,,,
2018-06-20,27.55,28.8,27.3,27.45,22251,,,
2018-06-21,28.5,28.5,26.6,27.05,8770,,,
2018-06-22,28.0,28.0,26.65,27.1,11650,,,
2018-06-25,28.0,28.0,26.3,26.6,14429,,,
2018-06-26,28.7,28.7,26.0,27.15,5776,,,
2018-06-27,26.3,27.05,25.0,25.2,23265,,,
2018-06-28,25.95,26.6,24.65,24.85,13014,,,
2018-06-29,26.8,26.8,24.7,24.85,9544,,,
2018-07-02,25.15,26.45,23.15,23.55,36288,,,
2018-07-03,24.0,24.95,23.4,24.4,15720,,,
2018-07-04,24.0,25.1,24.0,24.7,7830,,,
2018-07-05,24.35,24.7,24.0,24.2,2560,,,
2018-07-06,25.6,25.85,23.5,24.35,5608,,,
2018-07-09,23.85,25.5,23.85,24.7,8701,,,
2018-07-10,24.55,25.3,24.55,25.15,1860,,,
2018-07-11,24.9,25.45,24.15,24.8,5339,,,
2018-07-12,26.0,27.0,24.65,26.2,17008,,,
2018-07-13,26.4,26.4,24.05,24.45,6242,,,
2018-07-16,25.4,25.45,22.65,22.9,12067,,,
2018-07-17,24.5,24.85,22.4,23.2,15503,,,
2018-07-18,24.75,24.75,22.95,23.2,6306,,,
2018-07-19,24.8,24.8,23.0,23.55,4978,,,
2018-07-20,25.0,25.0,23.25,23.95,3886,,,
2018-07-23,25.45,25.45,23.25,23.45,6659,,,
2018-07-24,24.2,25.85,23.55,25.05,27824,,,
2018-07-25,25.0,26.45,25.0,26.25,17398,,,
2018-07-26,25.9,27.4,25.45,26.05,4581,,,
2018-07-27,25.3,26.95,25.3,26.2,6513,,,
2018-07-30,27.0,27.0,26.0,26.35,12370,,,
2018-07-31,27.9,27.9,25.25,26.3,9814,,,
2018-08-01,26.6,26.6,25.85,26.15,7356,,,
2018-08-02,28.0,28.0,26.15,26.3,2606,,,
2018-08-03,28.0,28.0,26.25,26.6,12528,,,
2018-08-06,28.15,28.3,26.1,27.3,5971,,,
2018-08-07,27.7,27.7,26.7,27.15,6009,,,
2018-08-08,27.7,27.7,26.4,27.15,3719,,,
2018-08-09,27.7,32.0,26.55,29.1,76767,,,
2018-08-10,27.7,28.7,27.5,27.85,13897,,,
2018-08-13,29.0,29.0,27.05,27.25,1080,,,
2018-08-14,28.6,28.85,27.0,27.25,2760,,,
2018-08-16,28.5,28.5,26.7,27.05,17132,,,
2018-08-17,28.0,28.8,27.25,27.65,39841,,,
2018-08-20,28.0,28.55,27.1,27.2,10400,,,
2018-08-21,27.7,27.75,27.05,27.5,8899,,,
2018-08-23,27.25,28.6,27.1,28.05,29654,,,
2018-08-24,28.0,29.35,27.7,28.4,45788,,,
2018-08-27,28.5,29.5,28.5,29.0,23026,,,
2018-08-28,29.1,29.95,29.1,29.4,16629,,,
2018-08-29,29.4,31.4,29.4,30.2,39196,,,
2018-08-30,31.15,31.15,29.25,29.7,8676,,,
2018-08-31,29.2,30.9,29.2,29.85,20820,,,
2018-09-03,30.85,34.95,29.35,32.85,230687,,,
2018-09-04,34.8,34.8,32.5,33.2,97711,,,
2018-09-05,32.5,34.4,32.0,33.05,82715,,,
2018-09-06,34.1,34.1,32.25,32.85,36483,,,
2018-09-07,33.95,33.95,31.3,32.9,80624,,,
2018-09-10,32.3,33.45,30.6,31.0,107166,,,
2018-09-11,32.4,32.4,30.25,30.8,16291,,,
2018-09-12,30.3,31.4,29.3,30.0,29738,,,
2018-09-14,31.85,31.85,29.65,30.05,14141,,,
2018-09-17,30.45,31.2,29.15,30.8,12432,,,
2018-09-18,30.2,30.95,29.6,29.95,7622,,,
2018-09-19,30.0,30.6,29.3,29.7,8064,,,
2018-09-21,29.5,29.6,28.05,28.4,16247,,,
2018-09-24,30.7,30.9,26.55,27.1,9320,,,
2018-09-25,28.5,28.5,26.1,26.5,8393,,,
2018-09-26,28.0,28.0,25.75,26.6,6434,,,
2018-09-27,28.2,28.2,26.6,26.7,5705,,,
2018-09-28,27.35,27.35,25.75,26.0,8188,,,
2018-10-01,26.0,27.2,23.6,25.0,10419,,,
2018-10-03,25.0,27.0,24.4,26.25,18505,,,
2018-10-04,26.0,26.35,24.75,25.25,10150,,,
2018-10-05,25.25,26.35,24.65,25.15,2232,,,
2018-10-08,24.9,26.65,24.5,26.1,12094,,,
2018-10-09,26.25,28.2,24.85,25.35,19314,,,
2018-10-10,25.85,26.6,25.0,26.05,7743,,,
2018-10-11,25.5,26.45,25.0,26.1,3704,,,
2018-10-12,26.0,27.15,26.0,26.6,4134,,,
2018-10-15,27.5,27.5,26.0,27.35,4472,,,
2018-10-16,27.0,28.05,27.0,28.0,9251,,,
2018-10-17,27.9,28.6,27.0,27.8,9058,,,
2018-10-19,28.8,28.8,26.4,27.85,7776,,,
2018-10-22,27.25,28.1,27.25,27.75,5328,,,
2018-10-23,27.0,28.5,27.0,28.0,16028,,,
2018-10-24,28.0,28.95,27.85,28.25,3338,,,
2018-10-25,28.0,28.8,27.6,28.0,5585,,,
2018-10-26,28.0,28.4,27.75,27.95,10205,,,
2018-10-29,28.2,28.85,28.1,28.1,4631,,,
2018-10-30,28.0,29.3,28.0,28.95,6295,,,
2018-10-31,28.8,29.2,27.85,28.05,17014,,,
2018-11-01,27.5,29.4,27.5,28.1,1246,,,
2018-11-02,28.8,28.8,28.0,28.6,15591,,,
2018-11-05,30.0,30.0,27.7,28.1,3280,,,
2018-11-06,28.15,28.75,27.6,28.3,7419,,,
2018-11-07,28.45,28.5,26.45,28.25,3433,,,
2018-11-09,28.25,28.8,27.45,28.2,2328,,,
2018-11-12,28.0,28.8,28.0,28.55,4588,,,
2018-11-13,28.5,28.7,27.7,28.35,1438,,,
2018-11-14,28.35,31.45,28.1,30.55,46951,,,
2018-11-15,31.0,31.05,29.5,30.1,8416,,,
2018-11-16,30.4,30.4,29.15,29.55,8457,,,
2018-11-19,30.0,30.0,29.15,29.5,4489,,,
2018-11-20,29.0,29.7,28.65,29.05,4559,,,
2018-11-21,29.1,29.65,28.65,29.15,12190,,,
2018-11-22,28.95,29.95,28.9,29.1,6918,,,
2018-11-26,30.5,30.5,28.65,29.15,1696,,,
2018-11-27,29.15,30.2,28.65,28.7,6399,,,
2018-11-28,29.2,29.55,28.2,28.3,4384,,,
2018-11-29,28.8,28.9,28.1,28.25,3337,,,
2018-11-30,29.6,29.6,28.05,28.55,4760,,,
2018-12-03,29.95,29.95,28.0,28.3,4543,,,
2018-12-04,28.8,28.9,27.65,27.95,5617,,,
2018-12-05,29.9,29.9,27.25,27.5,1073,,,
2018-12-06,28.4,28.85,27.5,27.8,1472,,,
2018-12-07,28.4,28.4,27.6,27.75,12077,,,
2018-12-10,27.95,29.55,27.5,28.85,81275,,,
2018-12-11,28.85,29.3,28.05,29.1,18225,,,
2018-12-12,30.8,31.7,29.2,31.05,39814,,,
2018-12-13,32.6,32.6,29.35,30.45,31795,,,
2018-12-14,30.45,31.05,30.45,30.8,4909,,,
2018-12-17,30.1,30.5,29.55,30.35,8408,,,
2018-12-18,30.0,30.7,29.5,30.5,2737,,,
2018-12-19,30.8,30.85,29.95,30.5,13965,,,
2018-12-20,30.5,31.35,29.6,30.95,10894,,,
2018-12-21,30.95,31.25,29.7,30.45,10071,,,
2018-12-24,30.8,31.0,29.6,30.65,20693,,,
2018-12-26,30.65,31.3,29.65,30.85,31262,,,
2018-12-27,30.5,31.45,30.5,30.7,2624,,,
2018-12-28,30.7,31.4,30.55,30.85,8937,,,
2018-12-31,30.2,31.85,30.2,31.3,11987,,,
2019-01-01,31.0,31.7,31.0,31.5,6499,,,
2019-01-02,31.0,31.7,30.9,30.95,4445,,,
2019-01-03,30.8,31.4,30.6,31.05,5468,,,
2019-01-04,31.45,31.5,31.0,31.05,5876,,,
2019-01-07,31.95,31.95,30.6,31.45,3457,,,
2019-01-08,30.9,31.8,30.9,31.4,7142,,,
2019-01-09,31.35,31.9,31.05,31.1,6972,,,
2019-01-10,31.2,31.9,30.4,30.95,6330,,,
2019-01-11,30.85,31.75,30.25,30.55,5669,,,
2019-01-14,32.0,32.7,30.15,31.0,5701,,,
2019-01-15,31.45,31.5,30.35,30.95,1332,,,
2019-01-16,31.9,31.95,30.5,31.1,2177,,,
2019-01-17,30.9,31.2,30.6,31.1,1718,,,
2019-01-18,30.9,31.4,30.45,30.5,4019,,,
2019-01-21,32.0,32.0,29.6,30.1,13419,,,
2019-01-22,31.9,32.7,30.8,31.45,29950,,,
2019-01-23,31.0,31.9,30.9,31.6,9640,,,
2019-01-24,30.9,32.0,30.4,31.5,7992,,,
2019-01-25,31.0,31.85,30.3,31.05,15116,,,
2019-01-28,31.65,31.65,29.55,29.75,10189,,,
2019-01-29,31.0,32.5,28.8,29.95,18210,,,
2019-01-30,31.0,31.9,30.0,30.65,7681,,,
2019-01-31,31.45,31.55,30.65,31.5,10651,,,
2019-02-01,30.5,31.45,30.3,30.95,5599,,,
2019-02-04,29.95,31.0,29.75,30.2,5009,,,
2019-02-05,31.8,31.8,29.65,30.25,8910,,,
2019-02-06,31.5,31.5,28.65,29.1,15290,,,
2019-02-07,29.95,29.95,28.25,29.05,7176,,,
2019-02-08,29.1,30.95,28.75,28.9,971,,,
2019-02-11,30.9,30.9,28.0,28.7,1039,,,
2019-02-12,30.9,30.9,28.2,28.6,724,,,
2019-02-13,29.9,30.85,27.35,28.45,6595,,,
2019-02-14,30.0,31.6,27.7,29.5,19676,,,
2019-02-15,28.65,30.45,27.4,28.0,23103,,,
2019-02-18,29.05,29.25,26.8,27.3,3644,,,
2019-02-19,28.45,28.45,26.3,27.7,4121,,,
2019-02-20,29.0,31.7,27.0,27.95,8655,,,
2019-02-21,27.9,28.9,27.6,28.15,9009,,,
2019-02-22,28.0,29.25,27.2,27.85,9313,,,
2019-02-25,28.5,28.5,27.7,27.75,2005,,,
2019-02-26,27.5,27.8,27.1,27.45,2698,,,
2019-02-27,27.7,28.95,26.55,27.0,12832,,,
2019-02-28,28.0,28.25,27.5,27.65,8282,,,
2019-03-01,27.65,28.85,27.05,28.35,20854,,,
2019-03-05,27.6,29.35,27.6,29.0,13839,,,
2019-03-06,28.2,30.0,28.2,28.6,11848,,,
2019-03-07,28.1,29.5,28.0,28.25,1608,,,
2019-03-08,29.25,29.25,27.55,27.95,4934,,,
2019-03-11,27.8,29.0,27.65,28.15,9498,,,
2019-03-12,29.35,29.35,27.8,28.4,6735,,,
2019-03-13,29.35,29.4,27.75,28.1,11482,,,
2019-03-14,28.7,28.7,27.5,27.55,13704,,,
2019-03-15,28.3,28.45,27.45,27.55,2866,,,
2019-03-18,28.0,28.0,26.65,27.3,5883,,,
2019-03-19,28.0,28.0,27.35,27.75,11922,,,
2019-03-20,28.0,28.0,27.3,27.75,3322,,,
2019-03-22,28.0,28.3,27.1,27.2,3603,,,
2019-03-25,28.0,28.0,26.55,26.8,3721,,,
2019-03-26,28.4,29.55,26.45,26.95,21000,,,
2019-03-27,27.3,27.3,26.1,26.7,6853,,,
2019-03-28,26.0,28.0,25.65,26.35,28717,,,
2019-03-29,26.9,26.9,25.75,26.2,17246,,,
2019-04-01,27.35,27.35,26.2,26.75,37810,,,
2019-04-02,27.2,27.2,26.45,26.8,4596,,,
2019-04-03,27.0,27.0,26.05,26.05,14127,,,
2019-04-04,26.7,26.7,25.95,25.95,4339,,,
2019-04-05,26.6,26.6,25.9,26.4,10014,,,
2019-04-08,26.5,26.5,25.9,26.1,4202,,,
2019-04-09,26.6,26.6,25.75,26.0,3912,,,
2019-04-10,26.5,26.5,25.7,26.0,4858,,,
2019-04-11,26.25,26.3,25.8,26.1,11897,,,
2019-04-12,26.1,26.25,25.7,25.85,3578,,,
2019-04-15,26.2,26.2,25.7,25.8,3945,,,
2019-04-16,26.35,26.35,25.75,25.8,3999,,,
2019-04-18,25.8,25.8,25.35,25.55,2902,,,
2019-04-22,25.85,25.85,25.05,25.3,5426,,,
2019-04-23,25.4,25.9,25.0,25.35,9063,,,
2019-04-24,25.5,25.8,25.05,25.2,5956,,,
2019-04-25,25.5,25.85,25.0,25.15,6883,,,
2019-04-26,25.8,25.85,25.0,25.3,5696,,,
2019-04-30,25.8,25.9,24.6,24.85,5857,,,
2019-05-02,25.4,25.7,24.05,24.25,5913,,,
2019-05-03,24.9,24.9,24.05,24.35,519,,,
2019-05-06,25.1,25.1,24.0,24.25,4009,,,
2019-05-07,24.75,28.85,24.25,25.55,150475,,,
2019-05-08,25.0,25.35,24.25,24.3,26009,,,
2019-05-09,24.0,25.65,23.7,25.55,31710,,,
2019-05-10,25.0,26.7,24.8,26.6,25065,,,
2019-05-13,28.5,29.95,27.15,28.0,236439,,,
2019-05-14,28.0,28.5,26.2,27.15,24783,,,
2019-05-15,27.4,27.4,26.05,26.25,20824,,,
2019-05-16,26.05,26.7,24.4,24.65,26497,,,
2019-05-17,25.3,26.0,24.5,24.9,17016,,,
2019-05-20,27.0,27.0,25.0,25.15,13166,,,
2019-05-21,26.15,26.15,24.5,24.65,10962,,,
2019-05-22,25.2,25.2,24.2,24.25,8847,,,
2019-05-23,24.7,25.5,24.45,24.5,7879,,,
2019-05-24,24.35,25.15,24.35,25.0,19904,,,
2019-05-27,25.1,26.35,25.1,26.05,33420,,,
2019-05-28,26.65,27.3,26.35,27.1,14540,,,
2019-05-29,29.7,30.1,28.55,28.95,91700,,,
2019-05-30,28.8,29.8,28.45,29.7,36022,,,
2019-05-31,29.0,31.6,29.0,31.3,60294,,,
2019-06-03,31.7,31.7,29.5,30.2,87258,,,
2019-06-04,30.8,30.8,28.45,29.0,31039,,,
2019-06-06,29.05,31.0,28.6,29.0,22498,,,
2019-06-07,28.9,29.5,28.0,28.65,13979,,,
2019-06-10,27.8,29.95,27.8,28.5,16072,,,
2019-06-11,28.0,29.15,27.45,27.95,6855,,,
2019-06-12,27.5,29.25,27.5,27.9,4907,,,
2019-06-13,27.55,28.2,26.55,27.7,5436,,,
2019-06-14,27.5,27.95,26.7,27.05,3109,,,
2019-06-17,26.9,27.7,26.3,27.4,2480,,,
2019-06-18,26.5,27.8,26.5,27.1,2777,,,
2019-06-19,26.4,27.35,26.0,26.0,2776,,,
2019-06-20,25.5,25.95,25.0,25.5,13035,,,
2019-06-21,26.05,26.8,24.5,25.55,9534,,,
2019-06-24,26.0,26.95,25.1,25.75,10738,,,
2019-06-25,25.75,26.15,25.4,25.9,4812,,,
2019-06-26,25.8,26.35,24.9,25.95,19582,,,
2019-06-27,25.25,27.15,25.25,26.6,10152,,,
2019-06-28,26.0,28.85,25.8,25.9,5731,,,
2019-07-01,26.0,26.75,25.95,26.15,4648,,,
2019-07-02,26.35,26.4,25.9,26.35,715,,,
2019-07-03,26.0,26.0,25.15,25.45,8790,,,
2019-07-04,25.9,25.9,25.55,25.8,4322,,,
2019-07-05,26.0,27.8,25.55,25.6,7635,,,
2019-07-08,26.45,26.45,25.4,25.85,5403,,,
2019-07-09,25.0,26.0,24.4,25.4,9473,,,
2019-07-10,26.2,26.2,24.6,25.15,1318,,,
2019-07-11,25.0,25.0,24.55,24.75,4118,,,
2019-07-12,24.45,25.0,23.8,24.4,10009,,,
2019-07-15,24.0,25.5,24.0,24.5,5356,,,
2019-07-16,24.2,24.7,24.1,24.55,6163,,,
2019-07-17,23.4,28.6,23.2,23.75,41229,,,
2019-07-18,23.75,24.1,23.4,24.0,4051,,,
2019-07-19,24.4,24.65,23.2,23.85,2121,,,
2019-07-22,24.65,26.05,23.1,23.45,21044,,,
2019-07-23,24.4,24.4,22.65,23.4,11819,,,
2019-07-24,24.4,24.5,22.65,22.85,6399,,,
2019-07-25,23.15,23.4,22.2,22.5,7246,,,
2019-07-26,23.2,23.3,22.05,22.75,5096,,,
2019-07-29,23.9,23.9,22.2,22.9,2836,,,
2019-07-30,22.45,23.2,22.05,22.25,6817,,,
2019-07-31,22.3,23.0,22.0,22.15,4164,,,
2019-08-01,22.7,23.9,22.2,22.9,5891,,,
2019-08-02,23.0,23.1,21.8,22.65,13110,,,
2019-08-05,21.2,22.45,21.2,22.1,3409,,,
2019-08-06,21.6,23.0,21.2,22.7,9033,,,
2019-08-07,22.15,23.5,21.7,21.9,10084,,,
2019-08-08,22.45,23.35,21.95,22.7,5236,,,
2019-08-09,23.5,24.4,22.15,24.35,5756,,,
2019-08-13,24.5,24.7,23.25,24.5,1512,,,
2019-08-14,24.2,24.2,23.6,23.65,1022,,,
2019-08-16,23.15,23.65,22.7,22.7,3584,,,
2019-08-19,22.25,23.25,22.25,23.1,4196,,,
2019-08-20,22.75,23.0,21.85,22.0,21516,,,
2019-08-21,21.55,22.05,21.1,21.4,2248,,,
2019-08-22,21.0,22.0,20.45,21.15,6816,,,
2019-08-23,20.9,21.5,20.2,21.05,5661,,,
2019-08-26,21.0,24.4,21.0,22.05,3869,,,
2019-08-27,22.8,24.4,22.0,23.05,5036,,,
2019-08-28,24.4,24.5,23.45,23.75,6777,,,
2019-08-29,23.95,23.95,23.1,23.6,1160,,,
2019-08-30,23.6,23.6,22.9,22.9,6629,,,
2019-09-03,22.6,22.85,21.8,22.25,3756,,,
2019-09-04,22.2,23.4,22.1,23.25,5840,,,
2019-09-05,23.9,23.9,22.6,23.35,3432,,,
2019-09-06,23.0,25.9,22.0,22.5,10137,,,
2019-09-09,22.4,23.3,21.6,22.8,4453,,,
2019-09-11,22.2,27.35,22.2,27.35,101811,,,
2019-09-12,28.7,28.9,24.75,24.95,52125,,,
2019-09-13,25.1,26.1,24.95,25.25,10813,,,
2019-09-16,25.25,26.75,24.1,25.85,17528,,,
2019-09-17,25.65,25.85,23.75,24.75,5787,,,
2019-09-18,24.75,25.5,24.05,25.35,3516,,,
2019-09-19,25.0,25.15,24.4,25.05,10079,,,
2019-09-20,24.5,28.7,24.4,25.85,39482,,,
2019-09-23,26.85,26.85,25.3,26.25,13386,,,
2019-09-24,26.85,26.85,25.6,25.85,2520,,,
2019-09-25,25.85,26.7,24.55,25.15,12093,,,
2019-09-26,24.95,26.3,24.75,25.05,3425,,,
2019-09-27,24.9,27.45,24.5,25.55,5314,,,
2019-09-30,25.55,26.3,24.15,24.5,9080,115.0,78.96,6765.0
2019-10-01,24.15,24.85,24.0,24.15,1238,39.0,31.74,1007.0
2019-10-03,23.5,24.5,23.2,23.95,9167,72.0,127.32,6867.0
2019-10-04,24.0,27.7,23.5,23.8,58228,469.0,124.15,19860.0
2019-10-07,23.8,24.75,23.8,24.2,5065,71.0,71.34,4251.0
2019-10-09,25.5,25.5,22.45,24.0,9727,162.0,60.04,3542.0
2019-10-10,23.6,24.75,22.55,23.05,5485,95.0,57.74,4445.0
2019-10-11,22.45,24.25,22.45,24.0,10279,77.0,133.49,6822.0
2019-10-14,23.5,24.25,23.15,23.95,2407,63.0,38.21,1267.0
2019-10-15,23.5,24.45,23.15,23.7,3734,54.0,69.15,2959.0
2019-10-16,23.7,24.15,22.9,23.1,5129,69.0,74.33,3359.0
2019-10-17,24.0,24.0,23.0,23.35,2748,92.0,29.87,2398.0
2019-10-18,22.95,24.6,22.95,24.1,9612,110.0,87.38,7733.0
2019-10-22,23.9,25.5,23.5,24.4,5390,75.0,71.87,3616.0
2019-10-23,24.0,25.05,23.35,24.05,4555,138.0,33.01,1477.0
2019-10-24,24.2,24.8,23.3,23.55,3207,69.0,46.48,2230.0
2019-10-25,24.75,24.75,23.0,24.0,10871,193.0,56.33,7004.0
2019-10-29,25.65,28.7,24.15,26.75,90171,884.0,102.0,56630.0
2019-10-30,26.1,28.95,26.1,28.5,65588,433.0,151.47,46607.0
2019-10-31,28.5,28.5,27.5,27.8,2216,77.0,28.78,1963.0
2019-11-01,27.8,27.8,26.75,27.15,8924,106.0,84.19,7000.0
2019-11-04,27.0,27.9,26.35,27.6,16013,130.0,123.18,8275.0
2019-11-05,28.5,28.5,26.6,27.25,21975,176.0,124.86,20090.0
2019-11-06,28.3,28.9,26.7,27.8,70913,465.0,152.5,33923.0
2019-11-07,28.45,28.45,26.95,27.65,4898,76.0,64.45,4273.0
2019-11-08,27.0,28.45,26.45,27.45,12986,174.0,74.63,7001.0
2019-11-11,27.0,27.8,26.4,27.25,2816,66.0,42.67,1949.0
2019-11-13,27.0,27.55,26.5,26.75,7027,54.0,130.13,5257.0
2019-11-14,26.5,26.85,25.4,25.9,2387,89.0,26.82,1865.0
2019-11-15,26.2,28.8,26.1,26.55,7645,135.0,56.63,5267.0
2019-11-18,26.05,26.95,25.25,26.0,2939,112.0,26.24,1901.0
2019-11-19,26.5,26.75,25.6,25.8,11342,298.0,38.06,7554.0
2019-11-20,26.2,26.75,25.25,26.15,8026,90.0,89.18,6464.0
2019-11-21,26.05,26.65,25.5,26.0,3285,59.0,55.68,2053.0
2019-11-22,26.05,26.2,25.15,25.65,7349,116.0,63.35,6150.0
2019-11-25,25.0,26.7,24.75,25.75,3558,62.0,57.39,2412.0
2019-11-26,25.85,26.1,25.0,25.6,5059,79.0,64.04,3553.0
2019-11-27,26.15,26.35,25.3,25.9,5178,87.0,59.52,3165.0
2019-11-28,26.4,26.8,25.65,26.0,4537,54.0,84.02,3833.0
2019-11-29,26.0,26.8,25.5,25.85,1634,56.0,29.18,1091.0
2019-12-02,25.3,26.35,25.3,25.35,5859,65.0,90.14,3705.0
2019-12-03,26.25,26.25,24.65,25.05,2725,42.0,64.88,2431.0
2019-12-04,24.9,26.5,24.55,24.95,3317,778.0,4.26,2439.0
2019-12-05,24.9,25.2,24.4,24.85,4941,108.0,45.75,3476.0
2019-12-06,25.7,25.7,24.25,24.85,2693,82.0,32.84,1700.0
2019-12-09,24.5,25.0,24.5,24.9,564,21.0,26.86,403.0
2019-12-10,25.85,25.85,24.35,24.55,1059,52.0,20.37,602.0
2019-12-11,25.5,25.5,24.35,24.6,1952,59.0,33.08,1345.0
2019-12-12,24.9,25.9,24.25,24.35,2051,64.0,32.05,1258.0
2019-12-13,25.5,25.5,24.1,24.5,3378,78.0,43.31,2486.0
2019-12-16,24.45,24.9,23.5,24.4,3803,42.0,90.55,3302.0
2019-12-17,25.2,28.65,24.7,27.3,40189,377.0,106.6,21620.0
2019-12-18,27.0,27.25,25.55,26.0,9302,399.0,23.31,6087.0
2019-12-19,26.1,26.6,25.05,25.8,7573,145.0,52.23,3831.0
2019-12-20,25.5,27.35,25.0,25.55,13312,321.0,41.47,8227.0
2019-12-23,26.6,26.6,24.7,25.05,3659,226.0,16.19,2305.0
2019-12-24,25.75,25.75,24.55,25.0,6604,92.0,71.78,5165.0
2019-12-26,26.45,26.45,24.7,26.25,39294,346.0,113.57,20089.0
2019-12-27,26.25,28.5,25.45,26.2,91958,1050.0,87.58,48783.0
2019-12-30,26.2,26.7,25.35,25.5,8478,157.0,54.0,5531.0
2019-12-31,26.4,26.5,25.5,25.7,5078,78.0,65.1,4914.0
2020-01-01,25.0,26.5,25.0,25.65,11924,188.0,63.43,6895.0
2020-01-02,26.4,26.4,25.3,26.15,8898,340.0,26.17,5909.0
2020-01-03,26.0,27.2,25.5,26.15,19746,186.0,106.16,9648.0
2020-01-06,25.25,26.5,25.1,25.55,7697,130.0,59.21,5171.0
2020-01-07,25.15,25.9,25.15,25.7,6160,564.0,10.92,4201.0
2020-01-08,26.0,26.0,25.1,25.55,4938,52.0,94.96,3736.0
2020-01-09,26.1,28.8,25.35,26.8,67101,761.0,88.17,23957.0
2020-01-10,26.8,28.2,26.5,26.85,30580,299.0,102.27,17109.0
2020-01-13,26.1,28.0,26.1,26.55,25720,193.0,133.26,16436.0
2020-01-14,27.45,28.0,26.55,27.9,46635,422.0,110.51,34669.0
2020-01-15,27.5,28.0,27.1,27.9,10266,120.0,85.55,5678.0
2020-01-16,27.1,28.5,27.1,28.3,16098,155.0,103.86,10484.0
2020-01-17,27.5,28.75,27.25,27.8,15163,200.0,75.82,11047.0
2020-01-20,28.45,28.45,27.2,27.75,11795,180.0,65.53,8611.0
2020-01-21,28.35,28.35,27.15,27.3,11156,111.0,100.5,8593.0
2020-01-22,27.05,27.5,26.8,26.85,10891,183.0,59.51,6426.0
2020-01-23,26.7,27.7,26.3,26.65,25088,263.0,95.39,12779.0
2020-01-24,26.65,26.95,26.2,26.55,5543,86.0,64.45,2916.0
2020-01-27,27.45,30.8,26.25,29.2,109223,954.0,114.49,53863.0
2020-01-28,30.0,30.2,28.15,28.35,34135,592.0,57.66,19779.0
2020-01-29,29.5,29.5,27.8,28.1,6598,294.0,22.44,4369.0
2020-01-30,27.9,28.0,27.0,27.1,11288,167.0,67.59,8005.0
2020-01-31,28.1,28.5,26.75,27.85,13321,189.0,70.48,10631.0
2020-02-03,28.9,28.9,25.6,25.9,8029,152.0,52.82,6309.0
2020-02-04,26.4,27.4,25.6,26.3,10791,206.0,52.38,8394.0
2020-02-05,27.4,27.5,26.35,26.7,15009,140.0,107.21,10841.0
2020-02-06,26.9,26.9,26.35,26.65,10602,149.0,71.15,8627.0
2020-02-07,26.95,27.4,25.8,27.35,8973,97.0,92.51,5576.0
2020-02-10,27.95,27.95,26.3,27.05,8066,147.0,54.87,5795.0
2020-02-11,27.5,29.5,26.4,28.15,25298,337.0,75.07,21548.0
2020-02-12,28.15,29.0,27.05,27.95,21364,261.0,81.85,11766.0
2020-02-13,27.0,28.8,27.0,27.25,8161,155.0,52.65,5619.0
2020-02-14,28.4,28.4,27.1,27.2,10988,263.0,41.78,6490.0
2020-02-17,26.5,27.75,26.05,26.5,10799,141.0,76.59,8978.0
2020-02-18,26.2,26.9,25.6,26.35,4974,143.0,34.78,4058.0
2020-02-19,25.9,27.45,25.55,27.0,8368,158.0,52.96,6932.0
2020-02-20,26.9,28.0,26.2,27.25,24804,304.0,81.59,11404.0
2020-02-24,26.9,31.0,26.5,28.25,69229,812.0,85.26,38627.0
2020-02-25,28.95,29.9,28.05,28.35,23434,276.0,84.91,16993.0
2020-02-26,28.0,28.7,27.3,27.95,10967,202.0,54.29,7584.0
2020-02-27,28.0,28.1,27.0,27.75,13407,159.0,84.32,9727.0
2020-02-28,26.5,27.95,26.0,26.15,9721,142.0,68.46,8022.0
2020-03-02,24.8,27.8,24.8,25.9,21708,194.0,111.9,15582.0
2020-03-03,25.1,26.75,25.0,26.15,11992,169.0,70.96,8600.0
2020-03-04,25.9,26.9,24.7,25.05,17437,208.0,83.83,14702.0
2020-03-05,26.1,26.4,24.75,25.35,11106,88.0,126.2,9107.0
2020-03-06,25.0,25.0,22.6,23.8,10789,199.0,54.22,8202.0
2020-03-09,23.4,25.9,22.15,23.6,15547,182.0,85.42,9610.0
2020-03-11,24.5,25.0,22.45,22.95,9309,199.0,46.78,6132.0
2020-03-12,23.9,24.6,20.85,21.15,27379,290.0,94.41,19561.0
2020-03-13,21.15,23.4,16.95,21.35,15003,192.0,78.14,8040.0
2020-03-16,20.9,21.6,20.0,20.3,6033,167.0,36.13,4708.0
2020-03-17,20.3,21.45,18.85,20.1,11624,208.0,55.88,8131.0
2020-03-18,21.95,21.95,18.7,19.1,29135,319.0,91.33,22657.0
2020-03-19,20.0,20.0,18.55,19.05,5120,77.0,66.49,4599.0
2020-03-20,20.9,20.9,18.7,18.95,7488,141.0,53.11,3621.0
2020-03-23,20.7,21.95,16.25,17.3,11020,272.0,40.51,6689.0
2020-03-24,19.6,19.6,16.4,16.75,9560,278.0,34.39,6719.0
2020-03-25,18.9,18.9,16.4,18.3,9280,199.0,46.63,6306.0
2020-03-26,17.05,19.0,17.05,18.35,25439,412.0,61.75,18355.0
2020-03-27,20.3,20.3,17.5,18.1,11685,183.0,63.85,7306.0
2020-03-30,17.85,20.2,16.45,16.7,35219,384.0,91.72,25777.0
2020-03-31,19.45,19.45,16.65,17.55,11107,274.0,40.54,7695.0
2020-04-01,17.55,17.9,16.8,17.45,7279,171.0,42.57,4165.0
2020-04-03,17.35,18.2,16.75,17.75,24768,308.0,80.42,16246.0
2020-04-07,20.9,21.3,17.8,21.3,192369,936.0,205.52,90562.0
2020-04-08,24.45,24.8,22.3,23.95,297888,2181.0,136.58,131764.0
2020-04-09,25.0,25.0,22.7,24.5,142578,2095.0,68.06,85844.0
2020-04-13,26.95,26.95,24.5,26.95,130158,,,
2020-04-15,28.5,29.6,28.1,29.25,186661,2108.0,88.55,104787.0
2020-04-16,29.95,31.0,28.7,30.4,120995,2024.0,59.78,79837.0
2020-04-17,30.1,31.45,29.0,29.65,87847,1670.0,52.6,63031.0
2020-04-20,29.95,30.0,28.2,28.5,59738,534.0,111.87,45988.0
2020-04-21,27.1,28.25,27.1,27.6,30771,379.0,81.19,21291.0
2020-04-22,28.8,28.8,26.25,26.7,48426,406.0,119.28,31980.0
2020-04-23,26.15,27.9,26.1,27.55,28605,410.0,69.77,15845.0
2020-04-24,27.35,28.9,27.05,28.1,34691,354.0,98.0,23238.0
2020-04-27,29.3,29.3,27.95,28.2,27334,392.0,69.73,19936.0
2020-04-28,28.0,28.7,28.0,28.1,15906,203.0,78.35,11506.0
2020-04-29,28.85,28.85,27.3,28.3,13374,173.0,77.31,11243.0
2020-04-30,28.35,29.0,27.5,28.3,24721,204.0,121.18,20835.0
2020-05-04,27.4,28.9,26.9,27.25,16315,261.0,62.51,11205.0
2020-05-05,27.3,28.1,26.25,26.55,14233,184.0,77.35,6950.0
2020-05-06,27.4,27.4,25.6,25.75,9374,106.0,88.43,6391.0
2020-05-07,26.1,26.1,24.5,24.75,26292,396.0,66.39,14770.0
2020-05-08,24.85,24.95,23.55,23.8,27239,225.0,121.06,15597.0
2020-05-11,23.8,24.1,23.0,23.5,9501,158.0,60.13,5943.0
2020-05-12,23.85,24.65,23.0,24.35,10700,192.0,55.73,5156.0
2020-05-13,25.25,25.55,23.55,25.45,18156,214.0,84.84,12858.0
2020-05-14,26.2,26.2,24.25,24.75,24513,297.0,82.54,14741.0
2020-05-15,24.75,25.25,24.0,24.6,9112,229.0,39.79,3904.0
2020-05-18,25.4,25.4,23.4,23.45,13359,214.0,62.43,8089.0
2020-05-19,23.25,24.4,23.25,23.9,20176,254.0,79.43,10997.0
2020-05-20,23.3,24.4,23.3,24.0,5918,138.0,42.88,3411.0
2020-05-21,24.4,24.8,23.5,24.45,14368,258.0,55.69,9550.0
2020-05-22,24.65,24.75,24.1,24.25,7632,154.0,49.56,5781.0
2020-05-26,24.75,24.75,23.7,24.1,15550,179.0,86.87,9544.0
2020-05-27,24.8,24.8,23.9,24.05,10473,192.0,54.55,7916.0
2020-05-28,24.05,24.8,24.0,24.35,5285,90.0,58.72,3074.0
2020-05-29,24.35,24.85,24.05,24.25,9913,160.0,61.96,5522.0
2020-06-01,24.4,24.9,24.0,24.65,6698,166.0,40.35,4964.0
2020-06-02,24.7,25.85,24.2,25.45,29382,217.0,135.4,19046.0
2020-06-03,26.1,26.5,25.05,25.85,24094,398.0,60.54,18181.0
2020-06-04,26.1,26.7,25.15,26.0,13858,302.0,45.89,9019.0
2020-06-05,26.75,28.6,26.25,28.5,58302,629.0,92.69,41942.0
2020-06-08,29.45,30.5,28.5,28.8,30081,539.0,55.81,21920.0
2020-06-09,29.1,29.85,27.55,27.75,19852,340.0,58.39,14598.0
2020-06-10,28.45,30.5,26.35,29.95,112115,787.0,142.46,74148.0
2020-06-11,30.0,30.7,27.55,27.65,65365,543.0,120.38,46883.0
2020-06-12,27.65,27.9,25.2,27.4,33007,413.0,79.92,17863.0
2020-06-15,28.5,28.5,26.5,27.6,11977,198.0,60.49,8951.0
2020-06-16,27.9,30.2,27.35,28.65,80710,817.0,98.79,32758.0
2020-06-17,28.25,31.5,28.25,31.5,293653,1374.0,213.72,173479.0
2020-06-18,33.45,34.65,32.15,34.6,263783,1438.0,183.44,181969.0
2020-06-19,35.85,35.95,31.65,32.3,198926,1790.0,111.13,118082.0
2020-06-22,33.2,35.5,32.15,35.5,174451,1131.0,154.24,123204.0
2020-06-23,36.9,37.25,36.7,37.25,76571,191.0,400.9,75061.0
2020-06-24,39.1,39.1,39.1,39.1,83454,243.0,343.43,81454.0
2020-06-25,41.05,41.05,41.05,41.05,57961,161.0,360.01,57961.0
2020-06-26,43.1,43.1,43.1,43.1,34548,169.0,204.43,34548.0
2020-06-29,45.25,45.25,40.95,40.95,159069,433.0,367.36,154947.0
2020-06-30,38.95,38.95,38.95,38.95,4394,47.0,93.49,4394.0
2020-07-01,37.05,38.4,37.05,37.05,191834,921.0,208.29,137682.0
2020-07-02,37.0,38.9,35.65,38.9,68830,445.0,154.67,47283.0
2020-07-03,40.8,40.8,40.8,40.8,41876,131.0,319.66,41876.0
2020-07-06,42.8,42.8,41.15,42.8,134026,405.0,330.93,121140.0
2020-07-07,44.9,44.9,44.9,44.9,107525,353.0,304.6,107077.0
2020-07-08,47.1,47.1,47.1,47.1,75298,293.0,256.99,75293.0
2020-07-09,49.45,49.45,44.75,44.75,196686,1139.0,172.68,146015.0
2020-07-10,42.55,44.7,42.55,43.0,62382,441.0,141.46,38352.0
2020-07-13,43.0,45.15,42.25,42.85,39028,358.0,109.02,25364.0
2020-07-14,42.55,44.35,40.85,41.3,25433,315.0,80.74,16882.0
2020-07-15,41.3,42.9,40.0,40.3,26698,250.0,106.79,20248.0
2020-07-16,39.25,40.8,38.4,39.1,37256,375.0,99.35,23805.0
2020-07-17,40.7,40.9,38.6,39.65,33342,406.0,82.12,20807.0
2020-07-20,40.95,41.0,39.5,39.8,24432,284.0,86.03,12523.0
2020-07-21,39.8,40.95,38.8,39.55,24839,258.0,96.28,16960.0
2020-07-22,38.55,39.95,38.55,39.0,19435,215.0,90.4,13642.0
2020-07-23,40.5,40.5,38.55,39.95,24701,258.0,95.74,16908.0
2020-07-24,39.2,40.2,39.2,39.7,12980,217.0,59.82,6785.0
2020-07-27,38.75,40.5,37.9,38.15,31013,368.0,84.27,17967.0
2020-07-28,38.75,39.7,36.55,37.0,54532,464.0,117.53,41802.0
2020-07-29,36.75,37.2,35.15,35.15,86112,617.0,139.57,72555.0
2020-07-30,33.8,36.0,33.4,33.6,102752,648.0,158.57,61425.0
2020-07-31,33.6,34.75,33.6,34.4,83867,598.0,140.25,60600.0
2020-08-03,35.9,35.9,34.05,34.85,146784,825.0,177.92,106016.0
2020-08-04,35.95,36.35,35.35,35.7,45867,424.0,108.18,38953.0
2020-08-05,36.15,36.45,34.75,35.05,77142,399.0,193.34,57055.0
2020-08-06,35.15,35.45,34.3,34.55,40914,277.0,147.7,31026.0
2020-08-07,35.35,36.05,34.5,34.75,118431,486.0,243.69,91623.0
2020-08-10,35.25,36.6,35.05,35.55,224144,940.0,238.45,154054.0
2020-08-11,36.15,36.5,35.15,35.55,155840,468.0,332.99,123361.0
2020-08-12,35.75,37.45,35.1,35.7,361370,1650.0,219.01,176367.0
2020-08-13,35.9,37.5,35.6,36.25,379361,1480.0,256.32,199612.0
2020-08-14,36.0,36.9,35.2,35.35,133930,572.0,234.14,110197.0
2020-08-17,36.1,36.25,35.2,35.5,44621,363.0,122.92,28573.0
2020-08-18,35.65,36.5,35.5,36.1,80403,527.0,152.57,53849.0
2020-08-19,36.95,39.7,36.3,39.55,474296,2518.0,188.36,303490.0
2020-08-20,39.0,41.45,38.45,39.75,313517,2243.0,139.78,176245.0
2020-08-21,40.0,42.8,39.15,41.4,359416,1954.0,183.94,173635.0
2020-08-24,42.0,45.0,42.0,43.2,308516,2111.0,146.15,202601.0
2020-08-25,43.95,43.95,41.55,41.7,107969,922.0,117.1,63255.0
2020-08-26,42.0,42.25,40.4,40.6,88066,692.0,127.26,63398.0
2020-08-27,41.1,42.4,40.5,41.15,108027,826.0,130.78,62321.0
2020-08-28,41.5,41.5,39.0,39.55,126689,980.0,129.27,77226.0
2020-08-31,39.7,40.2,36.0,36.2,142242,1146.0,124.12,104012.0
2020-09-01,37.5,37.5,34.85,35.55,31425,484.0,64.93,17233.0
2020-09-02,36.75,37.8,35.5,36.8,39461,523.0,75.45,21533.0
2020-09-03,37.0,38.0,36.85,37.45,35595,288.0,123.59,25302.0
2020-09-04,37.95,38.0,36.35,36.7,40661,376.0,108.14,20918.0
2020-09-07,37.45,37.45,36.35,36.65,25294,284.0,89.06,17186.0
2020-09-08,37.05,37.5,35.75,36.05,20246,296.0,68.4,12784.0
2020-09-09,35.2,35.9,33.05,34.0,55207,903.0,61.14,35082.0
2020-09-10,34.25,35.75,34.25,35.4,22434,295.0,76.05,16209.0
2020-09-11,36.0,36.0,35.0,35.5,12801,195.0,65.65,8076.0
2020-09-14,37.4,37.4,34.0,36.9,45519,447.0,101.83,30057.0
2020-09-15,37.05,39.6,36.25,38.85,53077,416.0,127.59,32039.0
2020-09-16,39.5,41.0,39.0,39.6,63970,498.0,128.45,42292.0
2020-09-17,40.3,41.7,39.25,41.4,130171,839.0,155.15,83042.0
2020-09-18,42.0,43.5,41.15,41.75,197696,1449.0,136.44,112009.0
2020-09-21,42.35,43.0,37.6,37.7,179909,1227.0,146.63,116468.0
2020-09-22,38.85,39.0,34.1,37.65,59625,709.0,84.1,32678.0
2020-09-23,38.0,38.9,37.2,37.85,42774,436.0,98.11,26154.0
2020-09-24,38.05,38.05,36.25,36.7,26151,245.0,106.74,15914.0
2020-09-25,36.5,38.3,36.5,37.75,20344,242.0,84.07,8823.0
2020-09-28,38.3,38.85,38.15,38.4,32647,,,
2020-09-29,39.6,39.6,37.2,37.65,27910,181.0,154.2,17569.0
2020-09-30,37.55,37.9,35.1,37.5,46237,328.0,140.97,26965.0
2020-10-01,37.65,38.55,37.35,38.15,27458,219.0,125.38,17616.0
2020-10-05,37.9,39.5,37.0,38.4,36113,265.0,136.28,19565.0
2020-10-06,38.65,38.95,37.7,38.2,25316,238.0,106.37,15264.0
2020-10-07,37.55,38.45,37.55,37.85,19169,153.0,125.29,13646.0
2020-10-08,39.45,43.9,38.0,41.1,382432,2861.0,133.67,168384.0
2020-10-09,41.75,46.5,41.05,43.9,742314,5223.0,142.12,256122.0
2020-10-12,45.65,45.65,41.1,42.35,162504,1340.0,121.27,87816.0
2020-10-13,42.05,43.6,40.3,41.05,61394,664.0,92.46,35019.0
2020-10-14,40.4,42.8,39.35,41.5,74242,1137.0,65.3,34197.0
2020-10-15,42.25,42.95,40.5,41.25,68992,747.0,92.36,31719.0
2020-10-16,41.3,42.35,41.3,41.75,36275,333.0,108.93,24120.0
2020-10-19,42.25,43.0,40.4,40.95,49289,509.0,96.83,23791.0
2020-10-20,40.5,41.7,40.45,41.05,35374,301.0,117.52,22971.0
2020-10-21,41.05,41.9,40.3,40.8,46181,383.0,120.58,24776.0
2020-10-22,41.0,41.15,39.3,39.95,41951,354.0,118.51,23785.0
2020-10-23,40.45,41.25,40.0,40.5,30268,332.0,91.17,14656.0
2020-10-26,41.0,41.25,38.2,38.85,52313,431.0,121.38,35436.0
2020-10-27,39.5,41.15,38.6,40.05,56688,516.0,109.86,23215.0
2020-10-28,40.45,40.6,39.7,39.9,17221,192.0,89.69,7351.0
2020-10-29,39.5,39.6,38.5,38.85,25569,266.0,96.12,16554.0
2020-10-30,38.9,40.45,38.5,38.65,27910,314.0,88.89,16265.0
2020-11-02,39.9,39.9,38.6,38.95,15380,208.0,73.94,7139.0
2020-11-03,40.4,40.4,37.4,37.85,51555,417.0,123.63,26316.0
2020-11-04,37.9,39.45,37.35,38.95,31692,228.0,139.0,19338.0
2020-11-05,39.75,39.75,37.6,38.45,41332,381.0,108.48,22260.0
2020-11-06,39.4,41.0,37.9,40.25,136209,945.0,144.14,68485.0
2020-11-09,41.0,41.5,39.1,39.3,52170,405.0,128.81,37219.0
2020-11-10,39.85,42.2,38.6,41.0,150040,1054.0,142.35,68374.0
2020-11-11,42.45,42.45,40.1,40.3,45558,436.0,104.49,27848.0
2020-11-12,40.7,41.15,40.2,40.4,26224,234.0,112.07,14669.0
2020-11-13,40.4,41.95,39.8,41.1,49676,380.0,130.73,27029.0
2020-11-17,49.4,57.65,49.0,57.65,1485524,9490.0,156.54,547279.0
2020-11-18,59.0,69.15,58.5,69.15,1917692,12147.0,157.87,620922.0
2020-11-19,73.55,76.05,64.55,70.3,2457731,15737.0,156.18,630849.0
2020-11-20,70.0,70.0,63.3,63.4,786459,7366.0,106.77,292470.0
2020-11-23,66.5,68.95,60.6,63.6,285102,3470.0,82.16,155808.0
2020-11-24,63.8,65.5,58.05,58.85,274011,3295.0,83.16,139576.0
2020-11-25,58.55,64.65,57.0,63.65,543739,3708.0,146.64,185848.0
2020-11-26,65.85,66.9,63.1,63.7,122869,1663.0,73.88,69737.0
2020-11-27,63.0,65.85,62.0,62.55,136687,1347.0,101.48,86232.0
2020-12-01,64.1,64.1,60.3,61.7,96160,1225.0,78.5,59249.0
2020-12-02,63.0,64.5,62.0,63.45,134741,1033.0,130.44,61150.0
2020-12-03,63.45,64.5,62.6,62.85,86468,768.0,112.59,55517.0
2020-12-04,63.0,63.75,56.6,60.2,187089,1821.0,102.74,91165.0
2020-12-07,63.4,72.2,60.6,72.2,717330,4539.0,158.04,328924.0
2020-12-08,75.5,75.5,66.85,68.45,672551,6147.0,109.41,287635.0
2020-12-09,69.1,71.25,65.3,67.55,226072,3713.0,60.89,101849.0
2020-12-10,67.45,68.7,65.6,67.2,94179,1254.0,75.1,42555.0
2020-12-11,67.5,69.15,65.6,66.5,96326,1110.0,86.78,49977.0
2020-12-14,68.45,77.7,65.9,71.7,697872,6805.0,102.55,267920.0
2020-12-15,74.8,78.15,70.5,73.85,593618,7667.0,77.43,265002.0
2020-12-16,74.7,75.1,71.4,73.25,134035,1642.0,81.63,77129.0
2020-12-17,72.2,75.5,71.0,71.95,158663,2026.0,78.31,73769.0
2020-12-18,73.7,73.7,68.5,69.7,128078,1642.0,78.0,72496.0
2020-12-21,70.0,73.9,58.1,63.75,232141,2742.0,84.66,126735.0
2020-12-22,62.6,72.8,62.05,71.2,337069,3727.0,90.44,130583.0
2020-12-23,75.25,78.5,71.0,72.4,318627,3300.0,96.55,136353.0
2020-12-24,73.35,73.5,69.4,70.55,142494,1499.0,95.06,74350.0
2020-12-28,73.0,74.35,70.05,72.1,90454,1225.0,73.84,50944.0
2020-12-29,72.8,73.8,70.4,71.45,69318,929.0,74.62,40253.0
2020-12-30,71.65,72.8,69.8,70.5,87608,1188.0,73.74,50834.0
2020-12-31,71.0,73.0,70.15,71.55,91141,1041.0,87.55,44195.0
2021-01-01,72.0,84.8,71.0,80.55,1397762,11091.0,126.03,483494.0
2021-01-04,80.95,87.5,80.0,85.1,907448,10345.0,87.72,345556.0
2021-01-05,84.95,84.95,82.1,83.0,217975,2758.0,79.03,103324.0
2021-01-06,83.5,88.85,79.15,83.55,228940,3153.0,72.61,107465.0
2021-01-07,84.4,87.0,81.15,82.1,131358,2174.0,60.42,70024.0
2021-01-08,82.85,89.05,79.65,83.85,507039,6288.0,80.64,163436.0
2021-01-11,84.7,84.7,80.6,81.65,129749,1564.0,82.96,73545.0
2021-01-12,80.1,83.65,80.1,81.05,122644,1560.0,78.62,57171.0
2021-01-13,82.65,82.8,77.8,79.45,142793,1583.0,90.2,77740.0
2021-01-14,79.8,80.55,77.0,78.75,108975,1386.0,78.63,53168.0
2021-01-15,77.2,82.65,77.2,80.1,134637,1689.0,79.71,62130.0
2021-01-18,80.1,81.55,76.65,77.4,87495,1037.0,84.37,51736.0
2021-01-19,78.9,80.0,77.7,79.35,54211,799.0,67.85,26017.0
2021-01-20,80.85,80.85,78.5,78.85,28653,439.0,65.27,16071.0
2021-01-21,78.85,81.5,76.0,76.65,76047,929.0,81.86,39511.0
2021-01-22,76.85,77.55,74.15,74.85,79302,886.0,89.51,43256.0
2021-01-25,75.4,76.2,72.3,73.55,71766,933.0,76.92,33549.0
2021-01-27,76.0,81.9,75.25,77.35,288431,2868.0,100.57,81691.0
2021-01-28,78.0,78.0,73.65,75.05,133866,1550.0,86.37,37507.0
2021-01-29,75.95,77.45,73.5,74.65,214801,2430.0,88.4,49121.0
2021-02-01,75.0,76.45,72.85,74.75,84319,1381.0,61.06,35731.0
2021-02-02,76.55,78.7,74.0,75.05,156601,2099.0,74.61,30852.0
2021-02-03,74.5,76.7,74.5,74.7,42247,568.0,74.38,21080.0
2021-02-04,74.0,77.0,74.0,75.85,38714,557.0,69.5,20702.0
2021-02-05,75.25,76.85,74.45,74.85,53953,577.0,93.51,33756.0
2021-02-08,74.85,79.2,74.85,77.65,112023,996.0,112.47,61786.0
2021-02-09,78.35,82.85,77.0,79.4,154110,1574.0,97.91,80650.0
2021-02-10,81.75,81.75,79.1,80.3,97133,1013.0,95.89,56238.0
2021-02-11,78.2,82.45,78.2,80.9,88204,1094.0,80.63,37368.0
2021-02-12,80.9,83.95,76.55,82.45,162785,1980.0,82.21,90861.0
2021-02-15,83.0,84.75,80.5,81.0,121953,2291.0,53.23,55446.0
2021-02-16,81.5,87.75,78.5,86.6,626378,5448.0,114.97,195150.0
2021-02-17,87.4,94.8,87.35,93.35,738474,7260.0,101.72,328858.0
2021-02-18,95.5,95.95,88.05,89.7,577359,7285.0,79.25,171857.0
2021-02-19,89.0,90.95,82.75,83.9,454467,6949.0,65.4,146260.0
2021-02-22,84.0,88.65,83.4,85.5,418389,7223.0,57.92,69345.0
2021-02-23,85.8,92.9,84.0,91.6,532447,5483.0,97.11,169462.0
2021-02-24,91.65,95.7,89.45,93.65,318398,4669.0,68.19,118074.0
2021-02-25,96.1,102.0,95.1,96.35,742279,8916.0,83.25,254718.0
2021-02-26,95.0,96.95,90.2,91.65,336290,6119.0,54.96,95668.0
2021-03-01,92.15,97.5,87.45,89.1,499936,8221.0,60.81,146030.0
2021-03-02,90.55,94.85,88.4,88.85,417853,7989.0,52.3,84342.0
2021-03-03,90.3,95.3,88.55,94.05,583010,7673.0,75.98,181731.0
2021-03-04,93.5,96.9,91.0,91.65,406284,6783.0,59.9,99184.0
2021-03-05,92.75,94.6,90.0,90.5,298678,5597.0,53.36,73480.0
2021-03-08,91.25,93.3,88.8,89.3,217786,4974.0,43.78,67721.0
2021-03-09,89.8,93.0,86.35,88.25,536087,9582.0,55.95,78463.0
2021-03-10,88.5,91.8,86.9,89.05,224253,3916.0,57.27,39730.0
2021-03-12,90.7,91.95,87.75,88.25,99246,2181.0,45.5,31261.0
2021-03-15,89.65,90.6,85.2,86.85,177119,3688.0,48.03,32666.0
2021-03-16,87.4,92.7,86.7,88.65,384142,9129.0,42.08,47531.0
2021-03-17,88.65,90.85,83.95,85.4,434733,9676.0,44.93,74260.0
2021-03-18,85.4,88.8,77.05,79.2,431284,10947.0,39.4,92562.0
2021-03-19,79.4,81.0,75.65,78.25,427232,8039.0,53.14,74602.0
2021-03-22,78.1,83.55,75.9,79.75,557632,8094.0,68.89,88407.0
2021-03-23,80.4,82.0,79.15,80.15,98230,1813.0,54.18,22857.0
2021-03-24,80.1,87.8,78.2,82.2,520027,8685.0,59.88,72489.0
2021-03-25,81.0,83.55,77.3,79.75,340576,5919.0,57.54,69166.0
2021-03-26,80.75,86.0,78.1,79.7,389976,6360.0,61.32,95051.0
2021-03-30,80.7,85.0,78.2,80.05,324518,4509.0,71.97,43014.0
2021-03-31,80.25,81.55,76.2,79.6,237900,3582.0,66.42,50129.0
2021-04-01,80.0,84.8,79.2,79.9,490978,6102.0,80.46,81128.0
2021-04-05,80.55,81.8,77.25,79.0,349226,5532.0,63.13,54389.0
2021-04-06,79.75,82.5,79.2,81.55,318125,4562.0,69.73,92622.0
2021-04-07,81.75,85.45,80.55,81.9,408641,6529.0,62.59,49133.0
2021-04-08,82.55,83.55,80.3,82.15,195773,3473.0,56.37,63003.0
2021-04-09,81.95,84.8,81.6,83.35,318634,4693.0,67.9,78430.0
2021-04-12,82.8,82.8,76.55,77.7,349012,6056.0,57.63,68388.0
2021-04-13,79.95,82.15,75.25,78.55,273883,4177.0,65.57,46185.0
2021-04-15,80.0,81.85,76.95,79.15,528915,6315.0,83.76,31444.0
2021-04-16,80.75,81.25,78.25,80.0,242017,3980.0,60.81,89622.0
2021-04-19,79.7,81.45,77.5,78.3,338319,5603.0,60.38,43397.0
2021-04-20,79.5,93.95,79.2,92.75,1449818,11576.0,125.24,335773.0
2021-04-22,93.9,109.4,93.0,106.6,2142636,23704.0,90.39,485270.0
2021-04-23,108.5,108.5,94.35,97.85,900651,13487.0,66.78,308096.0
2021-04-26,98.0,103.0,96.45,98.9,333102,4395.0,75.79,121844.0
2021-04-27,100.0,101.7,96.5,97.05,185250,2504.0,73.98,93850.0
2021-04-28,97.05,106.8,97.05,97.75,371516,4243.0,87.56,102267.0
2021-04-29,98.1,99.9,96.4,97.15,121835,2065.0,59.0,56381.0
2021-04-30,96.0,98.7,94.25,95.4,97406,1637.0,59.5,54468.0
2021-05-03,96.35,97.9,86.8,94.7,142641,2234.0,63.85,63380.0
2021-05-04,95.8,101.75,95.35,96.05,320342,5846.0,54.8,124942.0
2021-05-05,97.4,99.85,96.05,96.75,216095,4631.0,46.66,68476.0
2021-05-06,97.75,98.4,96.0,96.5,86407,1563.0,55.28,48883.0
2021-05-07,97.0,101.0,96.75,97.3,259074,4774.0,54.27,53594.0
2021-05-10,97.5,100.95,97.5,99.65,231906,4117.0,56.33,110822.0
2021-05-11,97.5,101.0,97.5,98.2,156226,2945.0,53.05,76371.0
2021-05-12,98.95,100.6,96.25,96.85,157186,2807.0,56.0,43484.0
2021-05-14,97.25,98.35,94.65,95.15,67331,1654.0,40.71,37895.0
2021-05-17,94.6,97.0,93.35,95.75,100991,2137.0,47.26,51649.0
2021-05-18,96.8,97.0,94.05,94.75,91555,2450.0,37.37,47825.0
2021-05-19,95.95,99.9,95.0,97.35,203359,3398.0,59.85,79699.0
2021-05-20,97.35,98.55,96.0,97.05,94910,1837.0,51.67,53700.0
2021-05-21,97.05,100.95,96.2,98.2,280074,4117.0,68.03,118362.0
2021-05-24,98.65,99.9,97.35,98.9,94095,1682.0,55.94,52378.0
2021-05-25,99.45,108.0,99.1,104.3,512150,6100.0,83.96,239199.0
2021-05-26,105.3,105.65,100.15,101.25,145026,2945.0,49.24,74772.0
2021-05-27,101.8,103.75,98.35,99.05,425926,8235.0,51.72,151960.0
2021-05-28,99.8,101.25,96.55,97.1,288810,5881.0,49.11,60319.0
2021-05-31,97.6,104.7,96.35,101.5,538427,7539.0,71.42,196158.0
2021-06-01,103.0,121.8,102.15,121.8,2103954,21321.0,98.68,816443.0
2021-06-02,125.8,141.7,122.05,128.15,3211570,36705.0,87.5,769383.0
2021-06-03,129.0,138.0,128.4,131.05,563351,10295.0,54.72,181278.0
2021-06-04,130.95,131.9,126.0,126.45,432888,7186.0,60.24,165773.0
2021-06-07,126.2,134.5,126.2,129.6,294756,3527.0,83.57,153869.0
2021-06-08,130.0,134.6,122.55,124.55,234706,3020.0,77.72,135833.0
2021-06-09,125.9,128.35,121.5,122.45,123439,2269.0,54.4,72679.0
2021-06-10,123.8,124.95,121.1,122.05,53787,1213.0,44.34,29663.0
2021-06-11,121.45,146.45,121.45,146.45,1173901,14143.0,83.0,528894.0
2021-06-14,152.0,170.7,137.0,158.85,1946065,24168.0,80.52,548952.0
2021-06-15,160.0,161.0,153.25,155.6,321689,8344.0,38.55,141879.0
2021-06-16,155.05,170.0,155.05,159.6,471706,9530.0,49.5,179567.0
2021-06-17,158.0,162.9,155.25,159.4,175490,4049.0,43.34,76971.0
2021-06-18,158.1,160.45,138.0,154.65,369719,6522.0,56.69,132299.0
2021-06-21,152.25,157.55,148.7,151.2,179862,3519.0,51.11,67711.0
2021-06-22,153.4,156.5,151.8,153.05,90987,2003.0,45.43,40457.0
2021-06-23,157.0,157.9,150.65,151.5,104682,2258.0,46.36,46477.0
2021-06-24,151.5,153.0,146.25,147.3,86878,2444.0,35.55,45863.0
2021-06-25,147.3,160.2,147.3,156.6,338113,6325.0,53.46,122876.0
2021-06-28,157.7,166.0,157.5,161.4,247022,5119.0,48.26,129370.0
2021-06-29,162.4,163.5,153.1,153.85,187875,4087.0,45.97,104418.0
2021-06-30,155.0,159.9,155.0,157.65,123328,2483.0,49.67,60294.0
2021-07-01,155.0,157.0,150.65,151.8,131180,2581.0,50.83,72846.0
2021-07-02,151.8,154.75,150.75,152.15,90159,1929.0,46.74,55687.0
2021-07-05,152.15,155.0,143.05,145.15,237994,5302.0,44.89,143117.0
2021-07-06,147.25,151.0,145.3,148.75,139541,3268.0,42.7,63723.0
2021-07-07,151.0,152.95,148.25,150.75,92508,2137.0,43.29,50488.0
2021-07-08,151.85,155.25,148.45,153.35,131823,2786.0,47.32,64820.0
2021-07-09,155.0,184.0,153.35,184.0,1671347,17716.0,94.34,623046.0
2021-07-12,186.8,188.0,171.2,172.35,778663,14763.0,52.74,309186.0
2021-07-13,173.0,177.0,169.0,170.5,297885,7957.0,37.44,162711.0
2021-07-14,170.5,177.0,169.45,171.3,185866,4911.0,37.85,84288.0
2021-07-15,174.0,175.0,170.1,171.2,72782,1914.0,38.03,43205.0
2021-07-16,170.1,173.95,167.5,168.0,76163,2303.0,33.07,43668.0
2021-07-19,168.0,175.9,161.95,171.0,216287,5127.0,42.19,92985.0
2021-07-20,171.0,172.75,162.5,165.65,124317,3012.0,41.27,66348.0
2021-07-22,167.4,174.8,167.0,170.3,115693,3555.0,32.54,60625.0
2021-07-23,171.5,173.2,165.0,167.05,75110,2898.0,25.92,48479.0
2021-07-26,167.8,174.9,165.1,171.55,125114,3801.0,32.92,73023.0
2021-07-27,172.0,187.6,170.85,180.85,576797,12469.0,46.26,253792.0
2021-07-28,182.35,183.5,173.5,177.25,202733,5980.0,33.9,108952.0
2021-07-29,177.2,179.15,173.8,174.25,63899,2151.0,29.71,43592.0
2021-07-30,175.4,184.7,175.4,179.35,156110,4144.0,37.67,81484.0
2021-08-02,180.0,203.9,179.55,194.45,549674,9781.0,56.2,260465.0
2021-08-03,194.0,203.65,188.55,194.7,294619,10136.0,29.07,153495.0
2021-08-04,195.3,196.2,182.05,183.7,158317,3843.0,41.2,94245.0
2021-08-05,183.7,192.7,175.1,186.65,143670,4185.0,34.33,58759.0
2021-08-06,188.0,192.0,185.0,185.95,47588,1594.0,29.85,20417.0
2021-08-09,187.35,189.6,180.8,181.5,49582,1710.0,29.0,25530.0
2021-08-10,183.85,184.15,166.3,177.35,133485,3549.0,37.61,84454.0
2021-08-11,177.35,182.7,165.0,178.45,232304,4612.0,50.37,106134.0
2021-08-12,179.75,184.9,178.3,181.5,57284,1795.0,31.91,34898.0
2021-08-13,182.45,188.25,176.35,178.0,73570,2323.0,31.67,45424.0
2021-08-16,180.7,183.4,171.35,172.55,135553,3344.0,40.54,88128.0
2021-08-17,172.55,176.4,167.9,168.85,77549,2145.0,36.15,49882.0
2021-08-18,169.9,171.8,158.1,160.5,115347,3726.0,30.96,71671.0
2021-08-20,157.3,164.9,149.0,150.15,120222,4362.0,27.56,62957.0
2021-08-23,152.5,157.95,133.55,137.35,198452,6237.0,31.82,107930.0
2021-08-24,139.8,149.8,137.0,148.6,151249,4908.0,30.82,56669.0
2021-08-25,153.45,155.0,148.3,153.55,83183,3398.0,24.48,38709.0
2021-08-26,155.0,157.5,153.5,153.9,52320,1299.0,40.28,31012.0
2021-08-27,154.95,156.95,148.25,151.25,57032,1759.0,32.42,31109.0
2021-08-30,152.0,155.8,150.5,152.05,33034,1284.0,25.73,16835.0
2021-08-31,153.4,154.8,148.8,150.05,33791,938.0,36.02,16863.0
2021-09-01,150.0,150.45,145.75,146.15,43562,1333.0,32.68,25471.0
2021-09-02,146.0,149.4,145.5,148.0,34323,986.0,34.81,19286.0
2021-09-03,149.45,149.45,143.1,144.55,63013,2243.0,28.09,35167.0
2021-09-06,145.4,146.4,139.0,141.55,59498,1653.0,35.99,36750.0
2021-09-07,144.8,144.8,140.0,140.9,37332,941.0,39.67,23123.0
2021-09-08,141.7,143.4,139.55,141.2,38331,1148.0,33.39,23315.0
2021-09-09,141.0,169.4,139.3,168.65,1027428,16132.0,63.69,219723.0
2021-09-13,169.5,176.0,160.15,165.2,410677,7491.0,54.82,209782.0
2021-09-14,164.7,169.7,161.3,162.85,81669,2400.0,34.03,41537.0
2021-09-15,163.9,164.85,158.1,159.9,73787,2763.0,26.71,44587.0
2021-09-16,160.4,160.4,156.0,157.9,60385,1709.0,35.33,32806.0
2021-09-17,159.45,173.45,159.0,161.5,246452,6393.0,38.55,88231.0
2021-09-20,159.0,163.25,153.2,155.15,62697,2114.0,29.66,33997.0
2021-09-21,157.5,157.8,148.25,152.6,71134,1742.0,40.83,48084.0
2021-09-22,154.1,156.35,152.0,154.2,30778,1114.0,27.63,16476.0
2021-09-23,155.9,158.65,152.1,154.0,33033,1045.0,31.61,18726.0
2021-09-24,155.95,155.95,150.0,151.45,28102,910.0,30.88,14984.0
2021-09-27,152.5,154.5,148.2,149.55,38198,1279.0,29.87,22377.0
2021-09-28,150.4,172.4,150.4,159.15,503267,13413.0,37.52,153535.0
2021-09-29,158.0,159.9,155.25,158.45,60961,1534.0,39.74,32939.0
2021-09-30,159.5,164.8,155.0,156.35,92992,1965.0,47.32,47597.0
2021-10-01,155.0,158.45,154.6,155.6,40127,1172.0,34.24,25738.0
2021-10-04,156.2,159.65,153.15,154.3,85519,1650.0,51.83,63420.0
2021-10-05,155.0,155.45,153.0,153.9,43886,1426.0,30.78,23952.0
2021-10-06,154.4,158.9,152.0,152.85,66580,1586.0,41.98,44072.0
2021-10-07,153.5,155.9,150.0,152.2,68465,2132.0,32.11,37773.0
2021-10-08,153.8,156.4,149.5,152.95,70170,1942.0,36.13,39197.0
2021-10-11,152.95,155.0,152.0,152.45,38857,1190.0,32.65,27348.0
2021-10-12,152.4,156.5,151.05,153.7,76656,1665.0,46.04,50535.0
2021-10-13,153.75,154.9,151.0,151.55,68513,1816.0,37.73,50381.0
2021-10-14,152.4,153.8,150.0,151.0,58502,1844.0,31.73,36183.0
2021-10-18,152.0,168.0,152.0,162.3,541098,11851.0,45.66,257191.0
2021-10-19,163.7,169.7,161.0,162.15,229895,6326.0,36.34,140034.0
2021-10-20,169.85,170.0,162.0,164.55,225068,5846.0,38.5,117834.0
2021-10-21,168.25,168.25,158.1,159.9,78400,2307.0,33.98,50494.0
2021-10-22,162.3,163.9,155.75,158.65,156060,2407.0,64.84,82257.0
2021-10-25,160.9,160.9,156.55,159.2,72257,1589.0,45.47,52551.0
2021-10-26,160.0,179.45,160.0,176.4,483523,10280.0,47.04,257619.0
2021-10-27,176.5,184.95,170.8,178.75,483396,12834.0,37.67,154639.0
2021-10-28,179.85,179.85,169.0,171.05,119499,4449.0,26.86,61080.0
2021-10-29,169.15,178.0,163.0,174.7,152340,3609.0,42.21,79682.0
2021-11-01,176.35,183.55,172.3,175.65,124363,2756.0,45.12,62154.0
2021-11-02,177.55,179.7,172.0,177.6,87919,2115.0,41.57,52012.0
2021-11-03,176.85,179.65,172.6,175.95,87087,2298.0,37.9,39179.0
2021-11-04,180.0,181.0,176.0,177.65,71912,2298.0,31.29,39179.0
2021-11-08,179.85,179.85,172.15,173.3,72644,2261.0,32.13,47599.0
2021-11-09,173.3,173.75,166.1,167.0,175018,5223.0,33.51,124601.0
2021-11-10,166.0,170.4,165.15,166.45,49247,1611.0,30.57,24136.0
2021-11-11,167.0,167.55,162.1,163.05,51952,1444.0,35.98,34010.0
2021-11-12,166.8,166.8,160.05,162.95,67316,1737.0,38.75,40212.0
2021-11-15,165.45,166.2,160.55,161.85,45560,1269.0,35.9,25635.0
2021-11-16,163.5,164.5,161.0,161.7,35218,969.0,36.34,18387.0
2021-11-17,162.7,162.7,155.0,156.2,60596,1640.0,36.95,40253.0
2021-11-18,155.0,157.3,152.15,152.9,48832,1763.0,27.7,25322.0
2021-11-22,152.0,152.85,147.2,148.15,48918,1577.0,31.02,29189.0
2021-11-23,144.0,152.9,144.0,149.3,51527,1603.0,32.14,25560.0
2021-11-24,151.0,156.0,150.05,153.45,51379,1712.0,30.01,24596.0
2021-11-25,155.0,160.0,152.15,154.1,99768,3321.0,30.04,43528.0
2021-11-26,152.15,153.8,148.0,150.0,79995,1841.0,43.45,54613.0
2021-11-29,152.0,153.95,123.0,145.85,163526,2693.0,60.72,90543.0
2021-11-30,145.0,150.7,143.0,145.05,50561,1444.0,35.01,25004.0
2021-12-01,146.0,165.0,140.3,154.15,302271,6633.0,45.57,129358.0
2021-12-02,155.2,157.2,153.4,156.15,51543,1434.0,35.94,27007.0
2021-12-03,157.0,161.5,154.55,156.95,36200,1104.0,32.79,22710.0
2021-12-06,157.0,158.95,145.8,148.55,47210,1446.0,32.65,26481.0
2021-12-07,153.5,155.95,152.0,154.25,39772,1301.0,30.57,24213.0
2021-12-08,155.9,155.9,152.45,153.85,19645,736.0,26.69,13994.0
2021-12-09,155.65,156.0,151.25,152.85,20726,645.0,32.13,12190.0
2021-12-10,154.5,172.8,151.25,169.7,532799,6366.0,83.69,270795.0
2021-12-13,171.9,171.9,162.3,164.65,85881,1859.0,46.2,49558.0
2021-12-14,163.0,183.8,162.0,181.85,860904,13324.0,64.61,365156.0
2021-12-15,183.9,183.9,172.5,173.3,294319,8107.0,36.3,165627.0
2021-12-16,174.8,176.3,165.25,171.2,231473,5782.0,40.03,101031.0
2021-12-17,175.0,175.0,155.0,159.3,187561,4035.0,46.48,113017.0
2021-12-20,158.0,164.0,151.1,155.5,105491,2516.0,41.93,51654.0
2021-12-21,156.5,164.3,156.1,157.5,86455,2421.0,35.71,44364.0
2021-12-22,158.8,162.75,158.5,160.05,69671,1663.0,41.89,20867.0
2021-12-23,162.75,164.55,157.0,158.5,34377,1410.0,24.38,18850.0
2021-12-24,160.3,160.3,154.0,155.7,46801,1196.0,39.13,32052.0
2021-12-27,156.5,166.0,154.85,161.65,96010,3004.0,31.96,46433.0
2021-12-28,162.9,187.9,161.95,181.8,1765946,36338.0,48.6,481839.0
2021-12-29,183.0,188.6,180.3,182.05,553733,13869.0,39.93,266104.0
2021-12-30,182.85,185.0,177.0,180.2,232443,7223.0,32.18,98981.0
2021-12-31,180.25,184.05,178.15,178.9,138283,4104.0,33.69,70430.0
2022-01-03,180.4,182.7,178.6,179.1,139607,3910.0,35.71,69111.0
2022-01-04,180.0,181.05,175.0,177.95,123431,3395.0,36.36,64540.0
2022-01-05,175.1,178.4,174.05,175.15,104000,3040.0,34.21,54499.0
2022-01-06,174.0,175.0,172.05,173.0,75214,2179.0,34.52,47753.0
2022-01-07,173.05,178.65,173.05,175.05,120589,3438.0,35.08,58129.0
2022-01-10,175.0,176.05,173.45,174.0,67337,2069.0,32.55,37916.0
2022-01-11,174.2,175.45,172.05,172.55,52086,1774.0,29.36,28505.0
2022-01-12,174.9,175.25,170.5,170.9,72944,2235.0,32.64,42896.0
2022-01-13,171.05,184.0,170.3,179.25,342879,8503.0,40.32,138753.0
2022-01-14,178.0,180.6,175.25,176.4,107082,3133.0,34.18,49273.0
2022-01-17,176.4,182.3,173.25,176.0,135229,4149.0,32.59,53292.0
2022-01-18,178.8,178.8,172.05,172.75,99111,2569.0,38.58,53295.0
2022-01-19,172.75,175.7,170.0,172.65,85395,3586.0,23.81,38379.0
2022-01-20,172.1,176.75,172.0,174.05,62936,2022.0,31.13,31744.0
2022-01-21,170.6,173.7,168.15,169.45,54634,1590.0,34.36,29249.0
2022-01-24,168.1,170.4,159.25,160.45,116935,3412.0,34.27,72884.0
2022-01-25,160.45,164.95,155.0,163.1,87063,2476.0,35.16,45846.0
2022-01-27,163.1,164.75,160.0,162.15,44843,1531.0,29.29,21544.0
2022-01-28,164.8,167.3,162.0,163.55,45968,1697.0,27.09,25536.0
2022-01-31,163.5,167.75,162.25,162.9,49539,1173.0,42.23,33452.0
2022-02-01,162.0,166.0,162.0,165.0,31498,974.0,32.34,18723.0
2022-02-02,166.8,172.4,164.15,167.95,74064,1514.0,48.92,38068.0
2022-02-03,166.1,169.75,166.1,167.7,45617,999.0,45.66,21911.0
2022-02-04,168.05,169.85,166.0,166.35,37712,898.0,42.0,24639.0
2022-02-07,166.35,171.7,164.15,165.2,34021,857.0,39.7,17794.0
2022-02-08,164.2,169.05,158.95,160.65,46060,1216.0,37.88,24662.0
2022-02-09,160.1,163.95,156.0,160.1,60583,1499.0,40.42,39014.0
2022-02-10,162.7,163.95,160.0,162.2,53974,996.0,54.19,31860.0
2022-02-11,160.1,180.25,160.1,167.3,490921,12070.0,40.67,230149.0
2022-02-14,165.5,165.8,157.55,163.85,171590,2792.0,61.46,110367.0
2022-02-15,166.8,168.75,160.0,165.85,87684,1228.0,71.4,51447.0
2022-02-16,166.1,186.75,166.1,176.1,708644,13006.0,54.49,315061.0
2022-02-17,178.05,183.7,176.9,177.5,356888,8313.0,42.93,176597.0
2022-02-18,177.7,213.0,175.1,209.6,3631411,53556.0,67.81,903073.0
2022-02-21,217.15,227.25,202.3,205.4,3324960,71442.0,46.54,707031.0
2022-02-22,217.65,246.45,217.65,246.45,4074498,57458.0,70.91,1241933.0
2022-02-23,254.8,267.0,244.3,248.75,2021228,58603.0,34.49,402134.0
2022-02-24,230.0,248.25,230.0,238.4,936021,17941.0,52.17,470774.0
2022-02-25,243.6,256.45,238.4,239.4,581971,9988.0,58.27,336866.0
2022-02-28,239.9,253.95,239.9,241.9,506223,9302.0,54.42,216352.0
2022-03-02,240.75,247.6,236.3,237.95,291346,5915.0,49.26,167168.0
2022-03-03,240.1,243.95,236.0,236.25,223271,3667.0,60.89,101588.0
2022-03-04,235.2,236.5,231.25,232.7,186535,1899.0,98.23,135815.0
2022-03-07,227.55,241.0,227.55,235.8,158666,,,
2022-03-08,236.5,239.0,232.1,234.3,96579,2157.0,44.77,67796.0
2022-03-09,237.6,252.0,236.1,246.35,409039,6953.0,58.83,213554.0
2022-03-10,256.0,265.0,244.0,244.7,189329,5113.0,37.03,100322.0
2022-03-11,247.0,248.8,244.0,247.25,89700,5840.0,15.36,41908.0
2022-03-14,250.0,260.9,245.1,246.8,77828,1843.0,42.23,36325.0
2022-03-15,248.0,249.5,245.0,245.35,99839,2905.0,34.37,48299.0
2022-03-16,245.4,252.9,245.0,245.8,66804,4701.0,14.21,31928.0
2022-03-17,246.05,270.35,246.05,270.35,390766,6785.0,57.59,226220.0
2022-03-21,275.0,296.5,264.5,291.35,629237,18235.0,34.51,258543.0
2022-03-22,293.4,308.35,291.4,301.85,454208,17439.0,26.05,117889.0
2022-03-23,301.85,302.05,280.0,284.5,226322,10167.0,22.26,98419.0
2022-03-24,282.0,306.3,280.0,298.0,345954,12537.0,27.59,134720.0
2022-03-25,299.7,299.9,286.1,288.65,108297,3596.0,30.12,56395.0
2022-03-28,291.0,291.0,272.35,278.35,59598,1657.0,35.97,31403.0
2022-03-29,280.0,283.35,273.0,277.3,163894,4201.0,39.01,94645.0
2022-03-30,279.95,294.0,278.7,285.05,91675,2583.0,35.49,31966.0
2022-03-31,290.0,313.55,285.7,313.55,235842,2953.0,79.87,151840.0
2022-04-01,331.4,344.9,323.6,344.9,311973,5209.0,59.89,143422.0
2022-04-04,358.0,369.0,335.0,340.4,315207,13411.0,23.5,124654.0
2022-04-05,347.0,367.7,336.15,347.7,189026,8279.0,22.83,58706.0
2022-04-06,350.0,357.9,339.0,343.25,93952,3231.0,29.08,39879.0
2022-04-07,342.3,348.3,308.95,321.5,219954,6140.0,35.82,113261.0
2022-04-08,325.0,334.9,325.0,328.65,75192,2123.0,35.42,43326.0
2022-04-11,328.0,345.0,327.0,340.3,127337,3786.0,33.63,59194.0
2022-04-12,342.0,342.4,328.0,330.7,52509,2247.0,23.37,26456.0
2022-04-13,337.0,341.0,332.0,333.35,43621,1430.0,30.5,25651.0
2022-04-18,333.95,340.0,300.05,328.15,110577,3386.0,32.66,47132.0
2022-04-19,331.7,344.0,308.0,315.0,69248,2044.0,33.88,42537.0
2022-04-20,323.95,338.7,320.0,324.5,89969,2536.0,35.48,44710.0
2022-04-21,327.8,328.95,303.8,316.1,45111,1369.0,32.95,29318.0
2022-04-22,315.2,326.1,310.3,315.15,46432,1190.0,39.02,28489.0
2022-04-25,305.8,315.0,296.05,304.1,66238,1688.0,39.24,46164.0
2022-04-26,310.5,315.0,305.1,306.0,28819,1030.0,27.98,13324.0
2022-04-27,307.2,334.9,300.0,323.3,112251,2852.0,39.36,63492.0
2022-04-28,330.0,333.45,310.5,312.55,43022,1542.0,27.9,22737.0
2022-04-29,314.7,319.7,302.2,304.3,48451,1422.0,34.07,30427.0
2022-05-02,304.0,317.2,299.15,310.6,28909,1173.0,24.65,14027.0
2022-05-04,312.35,319.95,299.35,307.9,70866,1754.0,40.4,41485.0
2022-05-05,310.95,317.85,305.0,312.75,76928,1062.0,72.44,61774.0
2022-05-06,313.1,321.3,305.0,306.8,121495,2532.0,47.98,77177.0
2022-05-09,306.8,316.2,300.0,302.35,39228,1528.0,25.67,20142.0
2022-05-10,293.95,304.9,285.0,288.4,51669,1269.0,40.72,36519.0
2022-05-12,281.0,281.0,272.0,273.2,129510,997.0,129.9,119044.0
2022-05-13,282.0,287.0,275.0,281.2,131177,1315.0,99.75,116569.0
2022-05-16,280.15,292.2,280.15,287.4,24579,714.0,34.42,13274.0
2022-05-17,291.0,291.0,277.05,286.1,29765,1071.0,27.79,19055.0
2022-05-18,286.1,308.9,286.1,303.7,52483,2305.0,22.77,20826.0
2022-05-19,296.0,303.0,292.05,295.6,21101,972.0,21.71,10331.0
2022-05-20,304.75,325.15,301.4,325.15,188838,2928.0,64.49,119456.0
2022-05-23,332.4,332.4,303.05,310.7,67120,2438.0,27.53,32623.0
2022-05-24,317.5,323.0,305.05,307.65,44281,1887.0,23.47,21964.0
2022-05-25,315.0,315.0,281.0,285.3,45247,1716.0,26.37,27474.0
2022-05-26,283.8,306.3,274.0,300.3,46122,2210.0,20.87,19723.0
2022-05-27,309.0,309.9,287.0,291.25,48694,1490.0,32.68,26342.0
2022-05-30,293.3,303.0,292.05,298.05,24252,817.0,29.68,11934.0
2022-05-31,284.0,297.0,284.0,292.35,49803,1614.0,30.86,21810.0
2022-06-01,292.35,303.9,287.0,291.0,43684,1223.0,35.72,29238.0
2022-06-02,289.7,300.65,287.25,297.95,25093,863.0,29.08,16664.0
2022-06-03,305.0,307.0,297.65,302.2,32241,1012.0,31.86,23301.0
2022-06-06,306.0,306.0,297.65,301.45,50534,617.0,81.9,35781.0
2022-06-07,304.8,304.8,293.2,296.75,38272,542.0,70.61,31512.0
2022-06-08,299.9,299.9,292.1,294.4,24758,487.0,50.84,16931.0
2022-06-09,292.0,297.05,292.0,295.45,15389,527.0,29.2,8920.0
2022-06-10,288.45,296.0,288.45,291.6,17089,416.0,41.08,9883.0
2022-06-13,313.85,313.85,292.25,294.85,78183,2809.0,27.83,24865.0
2022-06-14,294.95,302.45,290.05,294.4,35010,892.0,39.25,22355.0
2022-06-15,296.95,300.0,293.4,295.4,28691,662.0,43.34,22889.0
2022-06-16,298.95,306.0,275.0,278.5,61962,1777.0,34.87,33427.0
2022-06-17,277.0,285.0,270.25,274.1,33682,1097.0,30.7,20161.0
2022-06-20,272.0,275.9,251.8,255.8,40461,1532.0,26.41,26701.0
2022-06-21,257.1,281.35,257.05,281.35,36432,916.0,39.77,22790.0
2022-06-22,284.7,300.0,278.2,292.1,55120,2538.0,21.72,18598.0
2022-06-23,287.0,296.75,285.85,291.45,15653,613.0,25.54,7721.0
2022-06-24,293.45,295.7,290.0,293.25,11878,566.0,20.99,7796.0
2022-06-27,297.0,303.5,289.5,292.75,17784,901.0,19.74,9151.0
2022-06-28,291.7,318.0,291.7,310.25,66007,2501.0,26.39,29269.0
2022-06-29,307.8,323.95,300.0,303.8,60673,2075.0,29.24,31718.0
2022-06-30,307.75,311.8,296.85,303.25,25619,896.0,28.59,16162.0
2022-07-01,303.25,315.7,302.95,310.6,29047,1284.0,22.62,16769.0
2022-07-04,310.0,327.9,309.9,324.5,64807,2390.0,27.12,37352.0
2022-07-05,328.5,341.95,313.0,319.95,86455,3384.0,25.55,41412.0
2022-07-06,324.35,335.0,320.0,331.45,61825,2886.0,21.42,43382.0
2022-07-07,344.0,344.0,326.05,336.85,39672,1777.0,22.33,25280.0
2022-07-08,337.0,341.7,330.65,334.9,24955,1329.0,18.78,15843.0
2022-07-11,333.0,345.0,330.25,341.75,36992,1858.0,19.91,19113.0
2022-07-12,339.95,357.9,335.3,351.55,103275,4073.0,25.36,59005.0
2022-07-13,352.05,386.7,352.05,360.75,328488,8458.0,38.84,121483.0
2022-07-14,362.7,367.55,340.25,345.15,76395,3396.0,22.5,40370.0
2022-07-15,348.35,366.0,347.1,354.0,50237,3270.0,15.36,18910.0
2022-07-18,353.8,364.0,351.1,355.0,63882,2342.0,27.28,39444.0
2022-07-19,352.65,359.45,350.25,351.9,13338,1076.0,12.4,5724.0
2022-07-20,357.85,357.85,345.7,348.55,25130,1057.0,23.77,15306.0
2022-07-21,347.0,351.75,340.55,344.3,38712,1851.0,20.91,18916.0
2022-07-22,342.1,361.85,342.1,344.85,52154,2927.0,17.82,19999.0
2022-07-25,345.0,355.0,344.55,348.2,25380,1702.0,14.91,9491.0
2022-07-26,348.2,357.1,341.1,344.75,22199,1376.0,16.13,6912.0
2022-07-27,344.8,352.9,344.5,346.3,25742,1785.0,14.42,12392.0
2022-07-28,346.8,353.55,344.05,345.75,24464,1462.0,16.73,12845.0
2022-07-29,351.7,352.55,345.0,345.35,22666,2472.0,9.17,9656.0
2022-08-01,348.0,379.85,340.75,377.2,175954,4741.0,37.11,98682.0
2022-08-02,377.7,379.0,359.0,361.15,74656,4382.0,17.04,37148.0
2022-08-03,361.2,369.7,354.0,357.6,35217,2186.0,16.11,18239.0
2022-08-04,359.95,364.6,334.25,346.75,75890,3200.0,23.72,41572.0
2022-08-05,349.85,358.7,343.0,345.65,43783,3665.0,11.95,23247.0
2022-08-08,348.5,358.85,345.15,346.55,41893,,,
2022-08-10,342.9,366.0,337.0,349.1,85722,4868.0,17.61,27100.0
2022-08-11,350.5,418.9,349.25,376.3,280725,8490.0,33.07,72368.0
2022-08-12,376.95,390.0,374.55,380.8,115838,5448.0,21.26,38828.0
2022-08-16,380.0,393.95,378.0,386.9,65941,3513.0,18.77,25419.0
2022-08-17,383.95,402.0,379.0,382.0,64539,3034.0,21.27,35197.0
2022-08-18,380.0,396.0,380.0,384.1,69915,3138.0,22.28,28017.0
2022-08-19,386.4,387.55,379.75,380.65,50331,1920.0,26.21,35799.0
2022-08-22,380.65,397.0,375.6,385.1,46301,2852.0,16.23,22475.0
2022-08-23,384.5,391.45,376.95,380.3,24820,2149.0,11.55,11574.0
2022-08-24,382.5,397.0,382.1,384.8,40455,2654.0,15.24,15208.0
2022-08-25,388.5,413.0,385.0,398.05,132302,7881.0,16.79,43123.0
2022-08-26,400.7,406.15,376.5,383.55,94580,4841.0,19.54,44406.0
2022-08-29,356.8,379.0,356.8,370.45,65206,4025.0,16.2,31604.0
2022-08-30,378.4,391.0,376.55,381.9,36369,2041.0,17.82,20098.0
2022-09-01,385.0,397.0,380.0,381.35,44257,2715.0,16.3,12751.0
2022-09-02,384.4,389.65,375.0,376.0,28834,1826.0,15.79,16564.0
2022-09-05,370.2,386.2,370.2,383.2,38895,2269.0,17.14,19016.0
2022-09-06,388.85,391.25,377.2,383.8,27036,1647.0,16.42,14235.0
2022-09-07,383.8,386.3,378.3,383.0,19221,1254.0,15.33,9925.0
2022-09-08,386.9,388.85,380.5,382.3,48113,1734.0,27.75,38271.0
2022-09-09,386.9,403.0,380.5,394.25,107228,5114.0,20.97,51517.0
2022-09-12,397.3,401.0,386.15,388.4,42890,1735.0,24.72,25775.0
2022-09-13,386.1,392.75,381.3,385.3,42532,2432.0,17.49,23659.0
2022-09-14,381.3,394.1,381.3,388.95,43281,2279.0,18.99,26196.0
2022-09-15,392.0,395.7,382.1,387.2,46738,2229.0,20.97,31007.0
2022-09-16,385.0,398.7,375.35,382.8,64627,3083.0,20.96,39693.0
2022-09-19,389.5,390.0,378.0,382.4,152319,3304.0,46.1,122284.0
2022-09-20,386.6,401.0,380.2,389.05,61277,3214.0,19.07,34475.0
2022-09-21,386.15,394.65,381.0,390.9,46314,3355.0,13.8,14048.0
2022-09-22,383.55,392.9,383.0,384.15,42911,3272.0,13.11,22808.0
2022-09-23,386.95,387.9,371.15,373.55,38000,3527.0,10.77,17084.0
2022-09-26,373.0,373.0,355.1,364.85,52104,5129.0,10.16,17347.0
2022-09-27,367.5,374.6,359.6,362.8,33645,2405.0,13.99,13758.0
2022-09-28,360.0,364.8,348.3,352.35,37096,3243.0,11.44,11908.0
2022-09-29,364.0,370.0,358.35,364.55,26298,1705.0,15.42,13050.0
2022-09-30,369.9,369.9,350.5,358.6,45946,3658.0,12.56,22768.0
2022-10-03,356.55,363.8,351.5,354.8,22292,2798.0,7.97,10027.0
2022-10-04,359.5,365.45,355.0,361.05,43448,3240.0,13.41,19518.0
2022-10-06,367.4,375.0,361.2,369.7,40120,3922.0,10.23,17068.0
2022-10-07,367.25,376.85,364.0,373.1,14409,1339.0,10.76,7783.0
2022-10-10,373.95,373.95,362.0,364.15,29235,2741.0,10.67,11597.0
2022-10-11,367.45,370.0,359.45,361.5,21741,1322.0,16.45,14121.0
2022-10-12,361.05,370.0,354.0,356.4,24318,1777.0,13.68,14327.0
2022-10-13,355.6,361.35,340.0,343.0,36049,2926.0,12.32,18350.0
2022-10-14,348.0,355.0,337.65,339.2,20827,2346.0,8.88,11233.0
2022-10-17,338.5,348.0,332.7,344.2,20829,1546.0,13.47,9234.0
2022-10-18,350.5,372.2,342.5,361.8,44670,2806.0,15.92,21294.0
2022-10-19,369.0,374.9,329.2,363.6,35001,2259.0,15.49,11126.0
2022-10-20,364.9,371.25,356.25,361.15,8947,693.0,12.91,4219.0
2022-10-21,363.2,369.5,355.1,357.9,15943,998.0,15.97,7329.0
2022-10-24,353.3,364.2,353.3,360.1,5400,267.0,20.22,3091.0
2022-10-25,365.95,365.95,351.5,353.3,9901,655.0,15.12,6473.0
2022-10-27,359.0,359.0,348.05,352.75,10766,1047.0,10.28,6081.0
2022-10-28,350.0,355.6,335.4,338.9,21730,1186.0,18.32,14505.0
2022-10-31,342.8,348.75,337.0,339.55,13168,1117.0,11.79,7785.0
2022-11-01,339.75,342.75,335.0,335.7,15976,777.0,20.56,9623.0
2022-11-02,335.65,344.45,335.0,339.85,17099,1975.0,8.66,7341.0
2022-11-03,338.0,341.95,334.1,336.35,18070,794.0,22.76,12922.0
2022-11-04,336.45,343.5,332.0,333.75,19654,754.0,26.07,11332.0
2022-11-07,337.95,341.0,333.55,338.75,18122,937.0,19.34,12520.0
2022-11-09,336.1,354.0,336.1,349.5,54623,1566.0,34.88,34987.0
2022-11-10,369.9,370.25,337.9,340.1,42784,2109.0,20.29,24823.0
2022-11-11,342.6,349.75,340.0,341.8,26517,792.0,33.48,19447.0
2022-11-14,341.8,343.95,338.6,340.5,11670,317.0,36.81,8520.0
2022-11-15,343.3,349.0,342.2,346.35,18033,317.0,56.89,8520.0
2022-11-16,341.05,346.5,340.0,340.25,9000,347.0,25.94,6416.0
2022-11-17,342.95,342.95,325.1,332.6,16912,723.0,23.39,12697.0
2022-11-18,335.35,339.05,310.0,314.65,58326,2352.0,24.8,38717.0
2022-11-21,308.0,314.9,298.85,307.8,46125,1689.0,27.31,28464.0
2022-11-22,308.5,311.95,300.55,306.6,21309,1158.0,18.4,12427.0
2022-11-23,307.25,314.95,305.05,308.85,19939,1330.0,14.99,11530.0
2022-11-24,305.1,310.0,305.0,308.65,15628,1202.0,13.0,8545.0
2022-11-25,310.0,310.0,303.1,305.2,29113,2234.0,13.03,21509.0
2022-11-28,309.5,315.0,303.0,310.95,33039,1371.0,24.1,16443.0
2022-11-29,314.5,315.7,308.0,310.7,38987,4034.0,9.66,30321.0
2022-11-30,311.95,322.0,311.2,319.85,16560,1366.0,12.12,7074.0
2022-12-01,327.5,328.85,318.5,327.4,15027,1596.0,9.42,6818.0
2022-12-02,321.5,338.4,321.5,335.65,34214,2451.0,13.96,20065.0
2022-12-05,335.65,348.0,333.05,334.6,17532,1393.0,12.59,10046.0
2022-12-06,331.0,380.95,331.0,366.95,495922,15376.0,32.25,82760.0
2022-12-07,365.0,365.4,355.0,356.75,46284,2803.0,16.51,20513.0
2022-12-08,357.0,357.8,343.85,349.75,28953,2373.0,12.2,16698.0
2022-12-09,352.0,366.05,352.0,362.8,49026,3421.0,14.33,25097.0
2022-12-12,365.85,379.95,361.95,374.85,116883,3562.0,32.81,69864.0
2022-12-13,379.95,380.0,369.3,371.55,22194,2574.0,8.62,11207.0
2022-12-14,371.55,392.0,369.05,389.25,115261,4796.0,24.03,71067.0
2022-12-15,389.5,409.0,387.05,391.45,86273,3886.0,22.2,35466.0
2022-12-16,392.9,395.8,376.25,385.35,32504,2324.0,13.99,13611.0
2022-12-19,388.0,394.75,374.05,375.85,31823,1368.0,23.26,18281.0
2022-12-20,377.95,382.0,370.3,375.5,37679,3415.0,11.03,19044.0
2022-12-21,378.9,384.05,370.05,372.45,41098,2772.0,14.83,23727.0
2022-12-22,374.8,376.2,356.35,362.95,32650,2020.0,16.16,15321.0
2022-12-23,363.0,407.25,360.0,372.5,239862,10298.0,23.29,70043.0
2022-12-26,376.6,385.0,360.5,368.7,46506,3720.0,12.5,14313.0
2022-12-27,366.95,376.45,361.25,364.8,29125,1399.0,20.82,17236.0
2022-12-28,365.75,369.85,362.55,363.8,19986,1556.0,12.84,9939.0
2022-12-29,369.0,382.0,364.55,367.4,48289,2214.0,21.81,13831.0
2022-12-30,369.9,380.45,369.35,372.75,36107,1594.0,22.65,20785.0
2023-01-02,375.9,379.0,344.8,368.55,32759,1554.0,21.08,17046.0
2023-01-03,370.0,372.9,367.25,369.45,10705,810.0,13.22,5012.0
2023-01-04,370.95,371.0,361.25,364.85,11454,814.0,14.07,6433.0
2023-01-05,368.45,375.0,366.85,371.45,11742,874.0,13.43,5401.0
2023-01-06,371.2,376.55,365.05,372.7,18378,1880.0,9.78,6808.0
2023-01-09,377.9,384.55,366.55,370.2,25323,2121.0,11.94,9928.0
2023-01-10,370.1,374.95,362.4,365.45,27206,3482.0,7.81,7732.0
2023-01-11,366.0,368.05,362.35,365.15,10073,718.0,14.03,7173.0
2023-01-12,367.7,370.05,360.2,364.5,16428,1452.0,11.31,6991.0
2023-01-13,364.05,373.45,364.05,372.05,10946,1140.0,9.6,5269.0
2023-01-16,372.05,375.55,366.5,368.05,12890,1659.0,7.77,4472.0
2023-01-17,363.0,398.95,363.0,373.85,34304,2942.0,11.66,7672.0
2023-01-18,389.4,389.4,368.0,369.45,36146,3692.0,9.79,12237.0
2023-01-19,369.7,375.55,366.65,369.8,11424,1020.0,11.2,6873.0
2023-01-20,367.3,372.15,360.1,365.0,21415,1833.0,11.68,11172.0
2023-01-23,369.9,374.05,357.85,362.55,37002,2203.0,16.8,21734.0
2023-01-24,369.45,372.1,354.05,356.1,38395,3792.0,10.13,14520.0
2023-01-25,360.45,362.0,355.05,357.2,5016,719.0,6.98,1735.0
2023-01-27,358.9,361.3,345.05,349.95,13066,798.0,16.37,7221.0
2023-01-30,357.9,357.9,345.0,348.6,8502,893.0,9.52,3716.0
2023-01-31,345.1,359.5,345.1,355.35,6225,570.0,10.92,3677.0
2023-02-01,359.0,359.0,344.0,345.65,12234,617.0,19.83,7300.0
2023-02-02,350.5,350.65,332.0,335.15,12483,1030.0,12.12,7643.0
2023-02-03,342.1,344.35,327.0,330.8,21543,1380.0,15.61,11646.0
2023-02-06,334.95,334.95,322.55,327.55,12159,931.0,13.06,6818.0
2023-02-07,327.05,331.85,324.05,327.35,8165,734.0,11.12,5752.0
2023-02-08,330.9,336.25,326.0,329.2,9677,750.0,12.9,6191.0
2023-02-09,330.0,339.0,326.5,329.95,17863,1637.0,10.91,9150.0
2023-02-10,334.75,335.0,330.75,332.05,15914,2447.0,6.5,10319.0
2023-02-13,330.1,343.0,330.1,335.1,27366,1562.0,17.52,15716.0
2023-02-14,339.95,346.05,325.5,327.9,16170,741.0,21.82,10200.0
2023-02-15,328.0,332.7,322.2,323.7,15470,688.0,22.49,10440.0
2023-02-16,327.3,333.0,322.9,325.85,9554,467.0,20.46,6734.0
2023-02-17,331.9,333.6,327.1,330.3,11101,531.0,20.91,8321.0
2023-02-20,325.05,338.05,325.05,335.2,7210,413.0,17.46,4962.0
2023-02-21,338.0,339.5,330.6,332.05,6051,417.0,14.51,3444.0
2023-02-22,333.0,333.7,322.8,324.25,12355,506.0,24.42,8722.0
2023-02-23,323.55,328.95,320.0,325.4,11115,700.0,15.88,7159.0
2023-02-24,325.0,329.0,324.85,327.35,2860,192.0,14.9,1972.0
2023-02-27,327.85,328.05,320.0,322.15,8160,414.0,19.71,5402.0
2023-02-28,325.25,325.25,315.0,315.85,21988,786.0,27.97,14868.0
2023-03-01,318.2,324.75,315.45,318.2,13561,1466.0,9.25,3969.0
2023-03-02,318.05,319.8,305.8,311.85,16446,1699.0,9.68,7358.0
2023-03-03,308.8,319.15,307.05,314.65,19975,2139.0,9.34,9414.0
2023-03-06,314.65,317.2,305.2,308.4,49046,3101.0,15.82,32656.0
2023-03-08,309.95,314.9,302.6,313.15,26121,1117.0,23.38,20270.0
2023-03-09,311.75,317.4,309.6,311.3,12133,1560.0,7.78,4289.0
2023-03-10,308.55,316.9,302.45,307.45,24282,1041.0,23.33,16244.0
2023-03-13,310.0,314.05,300.0,301.8,30072,2671.0,11.26,13617.0
2023-03-14,300.0,305.7,298.0,300.65,18110,2218.0,8.17,7498.0
2023-03-15,302.5,307.05,295.2,296.45,17705,2331.0,7.6,6540.0
2023-03-16,300.3,301.35,295.25,296.6,9259,1506.0,6.15,4473.0
2023-03-17,303.05,303.05,294.0,297.9,14384,1171.0,12.28,8768.0
2023-03-20,292.3,295.95,287.1,293.7,10478,1357.0,7.72,4511.0
2023-03-21,301.5,301.5,291.5,293.8,12693,1437.0,8.83,6182.0
2023-03-22,296.95,301.5,295.05,299.75,7481,443.0,16.89,5482.0
2023-03-23,299.2,300.6,294.55,295.4,8047,493.0,16.32,4982.0
2023-03-24,302.9,314.9,288.0,290.85,52697,5715.0,9.22,20269.0
2023-03-27,293.5,302.0,285.0,294.85,51628,5166.0,9.99,20618.0
2023-03-28,296.6,302.0,291.9,297.25,28058,925.0,30.33,21496.0
2023-03-29,293.2,298.45,288.3,291.45,30208,970.0,31.14,23697.0
2023-03-31,297.0,298.75,287.0,289.8,13106,606.0,21.63,8116.0
2023-04-03,293.9,302.6,291.4,301.35,11718,705.0,16.62,7585.0
2023-04-05,303.0,343.95,300.3,323.85,76079,3295.0,23.09,21771.0
2023-04-06,324.0,333.45,323.95,326.15,17296,782.0,22.12,10589.0
2023-04-10,327.05,341.0,327.05,339.3,16084,890.0,18.07,9276.0
2023-04-11,341.0,349.0,338.6,347.4,18556,832.0,22.3,10978.0
2023-04-12,349.95,349.95,344.1,344.85,9294,436.0,21.32,7069.0
2023-04-13,347.9,354.0,339.8,350.2,16832,539.0,31.23,13133.0
2023-04-17,353.7,353.7,344.45,347.0,8939,648.0,13.79,5021.0
2023-04-18,346.85,349.0,335.0,338.2,7617,479.0,15.9,4993.0
2023-04-19,335.25,368.8,335.25,360.2,84184,4426.0,19.02,22753.0
2023-04-20,361.0,361.0,353.0,354.4,10257,646.0,15.88,6489.0
2023-04-21,351.05,354.95,348.0,349.65,9282,551.0,16.85,6225.0
2023-04-24,350.25,361.9,350.05,356.55,22959,1165.0,19.71,11037.0
2023-04-25,359.9,359.9,352.0,354.1,10714,438.0,24.46,7783.0
2023-04-26,355.0,359.7,344.0,346.6,24736,925.0,26.74,15600.0
2023-04-27,343.2,349.85,337.65,339.8,40247,1061.0,37.93,31222.0
2023-04-28,344.8,347.85,340.5,342.85,11815,440.0,26.85,9559.0
2023-05-02,347.95,349.4,339.0,341.25,6492,447.0,14.52,4378.0
2023-05-03,341.25,345.0,339.0,343.1,8801,377.0,23.34,7019.0
2023-05-04,348.0,348.0,341.05,343.5,7276,390.0,18.66,4984.0
2023-05-05,346.2,347.2,330.0,333.45,9346,665.0,14.05,6877.0
2023-05-08,336.0,350.0,326.8,330.55,40307,1838.0,21.93,24118.0
2023-05-09,334.0,339.65,327.05,330.95,61027,1158.0,52.7,52233.0
2023-05-10,334.95,338.85,328.05,335.0,10353,614.0,16.86,5213.0
2023-05-11,339.7,339.7,333.1,334.1,10102,668.0,15.12,6375.0
2023-05-12,340.0,340.05,333.55,335.75,7026,453.0,15.51,5085.0
2023-05-15,336.0,350.0,333.2,339.0,16848,683.0,24.67,8747.0
2023-05-16,339.65,348.45,338.85,341.5,18095,1962.0,9.22,10080.0
2023-05-17,344.7,363.5,340.05,358.2,45516,2772.0,16.42,27936.0
2023-05-18,361.25,365.45,350.65,351.7,13661,783.0,17.45,7498.0
2023-05-19,353.35,353.35,345.7,347.15,15209,1846.0,8.24,7089.0
2023-05-22,348.0,356.0,343.7,354.3,50749,7653.0,6.63,14927.0
2023-05-23,359.45,374.8,350.15,352.9,122164,4945.0,24.7,31827.0
2023-05-24,357.5,357.5,344.95,350.2,17772,1746.0,10.18,7876.0
2023-05-25,351.65,353.95,345.0,348.8,18988,1110.0,17.11,12666.0
2023-05-26,349.95,354.45,341.95,344.85,9354,638.0,14.66,6508.0
2023-05-29,345.0,355.0,344.65,351.7,9178,589.0,15.58,5653.0
2023-05-30,351.9,359.9,347.05,357.9,39522,1344.0,29.41,27487.0
2023-05-31,360.0,370.0,359.9,364.5,26473,1248.0,21.21,14311.0
2023-06-01,354.0,369.95,353.95,359.9,25744,1245.0,20.68,13175.0
2023-06-02,362.3,370.0,358.6,365.1,33973,1864.0,18.23,19574.0
2023-06-05,370.0,382.75,369.2,372.3,45822,1978.0,23.17,23398.0
2023-06-06,376.0,376.0,367.7,370.5,15637,2441.0,6.41,7587.0
2023-06-07,367.0,375.75,362.0,364.15,20074,1565.0,12.83,11432.0
2023-06-08,366.6,372.55,362.7,365.55,15925,3210.0,4.96,4280.0
2023-06-09,363.0,375.0,363.0,371.1,25527,2012.0,12.69,18542.0
2023-06-12,376.65,376.65,367.1,369.0,16029,1781.0,9.0,9623.0
2023-06-13,370.05,381.05,369.0,370.4,20608,2163.0,9.53,9948.0
2023-06-14,370.4,373.0,368.05,370.95,10411,569.0,18.3,7901.0
2023-06-15,369.55,372.0,368.85,370.4,10580,776.0,13.63,6634.0
2023-06-16,374.0,379.95,370.0,375.25,15196,1036.0,14.67,9283.0
2023-06-19,379.0,395.95,375.35,385.95,107625,5544.0,19.41,46164.0
2023-06-20,395.0,395.0,381.25,386.3,46982,2810.0,16.72,25221.0
2023-06-21,386.3,386.3,371.25,376.15,23262,1539.0,15.12,16426.0
2023-06-22,376.3,382.0,366.1,379.7,42474,3968.0,10.7,24436.0
2023-06-23,379.95,379.95,373.6,375.1,10380,900.0,11.53,7024.0
2023-06-26,374.0,378.05,370.0,370.3,12207,711.0,17.17,9437.0
2023-06-27,370.6,376.0,370.05,374.25,8541,553.0,15.44,5297.0
2023-06-28,379.3,379.3,370.0,370.55,13359,864.0,15.46,7939.0
2023-06-30,374.9,386.0,374.9,377.85,18126,1501.0,12.08,6915.0
2023-07-03,377.7,382.0,370.0,372.2,18472,1449.0,12.75,10238.0
2023-07-04,377.5,377.5,370.0,370.15,12387,1206.0,10.27,7170.0
2023-07-05,374.35,374.35,364.75,365.45,12011,1818.0,6.61,5364.0
2023-07-06,370.0,373.05,365.0,366.15,18126,2200.0,8.24,7148.0
2023-07-07,369.9,369.9,360.45,361.8,23289,2076.0,11.22,14749.0
2023-07-10,361.8,366.0,360.5,362.05,14206,1689.0,8.41,7821.0
2023-07-11,367.0,373.95,366.0,367.1,16772,1356.0,12.37,9775.0
2023-07-12,365.0,371.0,363.0,364.9,8282,781.0,10.6,5071.0
2023-07-13,363.25,367.9,360.6,362.85,9515,696.0,13.67,5844.0
2023-07-14,365.85,367.0,361.65,363.8,7725,479.0,16.13,5342.0
2023-07-17,365.0,371.35,360.0,360.9,14823,1388.0,10.68,5460.0
2023-07-18,365.0,365.0,357.6,361.3,13152,1974.0,6.66,5270.0
2023-07-19,361.55,363.45,353.5,354.65,9523,737.0,12.92,6598.0
2023-07-20,359.7,364.0,355.0,361.7,22420,3296.0,6.8,8231.0
2023-07-21,361.85,368.5,358.55,366.15,11681,1566.0,7.46,5131.0
2023-07-24,370.0,375.0,368.1,369.9,13346,1764.0,7.57,7905.0
2023-07-25,375.0,379.95,371.0,375.7,23617,1845.0,12.8,14824.0
2023-07-26,378.0,380.0,363.5,368.0,23407,2617.0,8.94,12315.0
2023-07-27,369.95,379.9,367.05,376.8,25824,2200.0,11.74,11731.0
2023-07-28,380.0,452.15,376.25,452.15,769251,23057.0,33.36,171610.0
2023-07-31,461.25,514.85,458.3,478.45,1069131,36573.0,29.23,208054.0
2023-08-01,476.95,477.8,460.05,467.35,82796,5335.0,15.52,30778.0
2023-08-02,472.85,500.15,442.2,465.85,139960,5647.0,24.78,50022.0
2023-08-03,477.0,494.1,461.15,467.0,83333,4295.0,19.4,28924.0
2023-08-04,465.4,465.8,442.15,447.8,39997,2455.0,16.29,22284.0
2023-08-07,443.0,458.4,420.4,439.2,80276,3680.0,21.81,41951.0
2023-08-08,448.95,486.9,440.05,478.05,68340,3604.0,18.96,38595.0
2023-08-09,478.05,478.05,456.1,467.85,32035,2245.0,14.27,18003.0
2023-08-10,465.95,476.95,457.2,463.2,23420,3029.0,7.73,11022.0
2023-08-11,464.3,467.45,456.0,459.05,9137,1335.0,6.84,3810.0
2023-08-14,459.05,491.5,459.05,478.55,81920,7216.0,11.35,35557.0
2023-08-16,482.7,492.0,462.0,470.1,30248,3427.0,8.83,15131.0
2023-08-17,472.4,481.6,461.05,465.55,34108,3114.0,10.95,18649.0
2023-08-18,475.0,479.45,456.05,458.6,43805,3262.0,13.43,16709.0
2023-08-21,457.6,476.0,451.05,455.4,46794,6121.0,7.64,15191.0
2023-08-22,454.65,461.95,445.55,450.6,26593,3642.0,7.3,11358.0
2023-08-23,449.55,454.9,441.0,444.15,31339,2969.0,10.56,18679.0
2023-08-24,447.6,448.1,436.0,439.25,23452,2232.0,10.51,14628.0
2023-08-25,441.95,451.45,421.85,425.75,56313,5764.0,9.77,25676.0
2023-08-28,429.0,431.8,415.0,417.4,27864,2972.0,9.38,13536.0
2023-08-29,418.05,439.5,418.05,436.2,37810,4723.0,8.01,12986.0
2023-08-30,441.15,451.7,440.35,448.75,38025,4018.0,9.46,19013.0
2023-08-31,456.7,456.7,439.0,441.4,18931,2247.0,8.43,8957.0
2023-09-01,447.4,447.4,419.95,422.25,49744,4778.0,10.41,26971.0
2023-09-04,426.45,437.4,412.0,416.3,55943,5442.0,10.28,26071.0
2023-09-05,419.2,438.0,418.05,424.65,37599,4139.0,9.08,18959.0
2023-09-06,418.5,427.0,416.5,419.1,31832,2762.0,11.52,15807.0
2023-09-07,422.05,428.5,420.1,424.25,12110,1865.0,6.49,5927.0
2023-09-08,424.3,430.2,420.4,423.45,14957,1801.0,8.3,7974.0
2023-09-11,426.15,430.0,415.0,419.2,22266,1536.0,14.5,13419.0
2023-09-12,419.95,475.0,419.95,438.45,905319,36964.0,24.49,120226.0
2023-09-13,439.45,444.75,421.6,441.35,76697,5457.0,14.05,28893.0
2023-09-14,438.1,449.0,435.5,443.5,48484,2595.0,18.68,15009.0
2023-09-15,448.95,451.45,437.4,440.95,27379,2298.0,11.91,9405.0
2023-09-18,443.8,444.0,425.1,431.9,28199,2304.0,12.24,12707.0
2023-09-20,426.1,435.2,418.35,421.45,26890,3106.0,8.66,14087.0
2023-09-21,424.75,427.95,414.55,416.55,20693,2683.0,7.71,9626.0
2023-09-22,422.0,426.0,410.0,413.05,26595,2137.0,12.45,13905.0
2023-09-25,411.15,417.65,408.65,412.3,12825,1832.0,7.0,6209.0
2023-09-26,414.9,421.0,412.7,419.95,10197,1401.0,7.28,4611.0
2023-09-27,419.9,435.0,412.0,424.15,28666,2521.0,11.37,10861.0
2023-09-28,424.15,430.4,410.0,416.35,21125,1427.0,14.8,15016.0
2023-09-29,410.05,423.0,410.05,419.35,11970,1433.0,8.35,5716.0
2023-10-03,415.2,425.0,415.2,423.25,6433,833.0,7.72,3384.0
2023-10-04,428.0,430.95,412.05,415.35,11879,1166.0,10.19,6750.0
2023-10-05,415.3,426.8,415.3,423.45,13059,1439.0,9.08,5840.0
2023-10-06,425.2,430.0,421.0,423.25,15231,2090.0,7.29,7373.0
2023-10-09,421.4,423.4,412.2,419.5,10344,935.0,11.06,5554.0
2023-10-10,424.0,424.0,416.0,417.0,7865,926.0,8.49,4002.0
2023-10-11,422.1,426.0,417.55,418.3,9598,1050.0,9.14,4216.0
2023-10-12,418.55,438.8,417.15,422.45,44934,2959.0,15.19,22942.0
2023-10-13,419.95,432.35,419.95,424.0,25288,1850.0,13.67,11958.0
2023-10-16,428.75,430.05,420.0,420.55,10247,951.0,10.77,6343.0
2023-10-17,427.1,428.45,421.05,424.65,8053,686.0,11.74,4853.0
2023-10-18,427.3,429.85,419.0,421.75,13002,2443.0,5.32,4244.0
2023-10-19,424.15,424.35,418.5,419.85,9087,1089.0,8.34,4503.0
2023-10-20,426.4,428.9,419.2,420.7,20238,2235.0,9.06,8391.0
2023-10-23,421.0,427.85,398.0,406.25,26587,1646.0,16.15,16320.0
2023-10-25,408.8,417.85,391.0,395.15,22752,2198.0,10.35,11579.0
2023-10-26,397.6,397.6,378.0,390.5,13465,1443.0,9.33,7755.0
2023-10-27,397.95,407.6,392.95,397.05,14834,1204.0,12.32,8703.0
2023-10-30,396.15,410.3,396.15,407.4,7309,634.0,11.53,3576.0
2023-10-31,411.85,414.8,400.1,404.85,7218,892.0,8.09,3844.0
2023-11-01,406.9,419.95,403.3,410.2,18416,2760.0,6.67,6193.0
2023-11-02,416.65,428.4,409.65,412.75,20304,2323.0,8.74,8949.0
2023-11-03,412.0,429.9,390.2,408.65,80313,5079.0,15.81,38284.0
2023-11-06,405.4,408.9,398.3,399.9,25042,2100.0,11.92,15570.0
2023-11-07,402.3,402.3,389.8,391.15,20427,2115.0,9.66,11739.0
2023-11-08,391.05,405.0,391.05,395.1,29336,2115.0,13.87,13139.0
2023-11-09,396.7,401.4,388.1,393.25,14913,820.0,18.19,9180.0
2023-11-10,393.65,404.0,392.55,400.2,17824,1289.0,13.83,10592.0
2023-11-12,404.0,404.0,400.0,400.3,4461,320.0,13.94,2776.0
2023-11-13,397.05,402.1,394.95,399.55,8901,475.0,18.74,5076.0
2023-11-15,399.55,404.0,396.0,398.95,7424,636.0,11.67,4558.0
2023-11-16,398.95,401.8,392.05,394.2,11234,692.0,16.23,7171.0
2023-11-17,396.9,399.85,392.3,394.85,10787,1009.0,10.69,3316.0
2023-11-20,396.6,396.8,381.1,383.25,16247,1270.0,12.79,8131.0
2023-11-21,383.25,389.8,381.35,383.35,23587,1330.0,17.73,13480.0
2023-11-22,385.8,394.85,382.8,386.65,16694,1161.0,14.38,10524.0
2023-11-23,390.0,390.1,384.0,386.1,14433,777.0,18.58,9407.0
2023-11-24,390.0,392.2,383.55,388.35,41142,1663.0,24.74,33744.0
2023-11-28,390.0,390.0,385.0,385.7,38643,1379.0,28.02,30101.0
2023-11-29,391.0,399.05,384.6,395.25,67564,2092.0,32.3,51808.0
2023-11-30,400.0,425.0,397.0,416.45,190419,14947.0,12.74,68438.0
2023-12-01,423.05,425.95,416.0,416.7,38470,3616.0,10.64,15686.0
2023-12-04,424.8,424.8,405.1,409.9,31293,2465.0,12.69,15851.0
2023-12-05,413.9,416.55,412.15,414.6,20961,1673.0,12.53,13084.0
2023-12-06,415.9,417.95,413.0,414.65,18221,1421.0,12.82,13669.0
2023-12-07,417.5,421.8,413.5,414.65,25857,1586.0,16.3,18469.0
2023-12-08,415.0,418.7,413.0,414.45,14654,2195.0,6.68,10505.0
2023-12-11,412.8,417.65,405.05,408.0,13483,1178.0,11.45,9210.0
2023-12-12,408.35,410.25,401.1,402.95,8632,954.0,9.05,5251.0
2023-12-13,401.2,405.4,400.0,402.8,6158,1095.0,5.62,3338.0
2023-12-14,400.4,403.75,392.7,394.7,23721,1286.0,18.45,19159.0
2023-12-15,398.65,412.45,393.4,397.3,42182,2451.0,17.21,23439.0
2023-12-18,399.3,409.0,397.3,399.75,76877,1584.0,48.53,66084.0
2023-12-19,398.0,400.9,393.65,395.2,11426,779.0,14.67,7896.0
2023-12-20,406.9,406.9,374.0,377.4,33800,2301.0,14.69,14627.0
2023-12-21,378.0,394.45,370.4,391.15,18805,1920.0,9.79,7182.0
2023-12-22,399.0,399.0,386.6,389.7,14156,1118.0,12.66,8248.0
2023-12-26,396.95,396.95,388.55,390.4,22267,1182.0,18.84,16089.0
2023-12-27,390.55,392.95,386.0,387.15,16285,744.0,21.89,9234.0
2023-12-28,393.15,398.0,388.0,389.65,16298,1018.0,16.01,8828.0
2023-12-29,389.0,396.65,386.9,388.9,15196,846.0,17.96,9750.0
2024-01-01,391.05,401.0,388.4,393.85,39749,1609.0,24.7,25454.0
2024-01-02,399.0,410.45,394.65,404.35,56492,3754.0,15.05,32364.0
2024-01-03,408.15,412.0,397.2,400.1,21072,1909.0,11.04,10904.0
2024-01-04,405.0,405.0,390.1,396.35,21964,2109.0,10.41,10550.0
2024-01-05,394.0,404.0,394.0,399.5,67921,4854.0,13.99,43024.0
2024-01-08,396.2,405.05,389.8,392.35,19874,2649.0,7.5,9800.0
2024-01-09,394.1,401.95,388.05,389.9,44350,1513.0,29.31,34562.0
2024-01-10,390.9,401.95,386.0,398.15,29508,2896.0,10.19,12171.0
2024-01-11,402.0,402.0,382.15,387.65,42121,5006.0,8.41,20417.0
2024-01-12,390.35,398.75,388.0,391.2,89419,3877.0,23.06,62049.0
2024-01-15,395.9,398.9,386.1,388.8,46136,4070.0,11.34,23124.0
2024-01-16,390.0,393.9,385.6,387.4,51063,1406.0,36.32,42812.0
2024-01-17,391.0,391.15,378.4,382.3,29043,1544.0,18.81,20548.0
2024-01-18,384.6,386.85,377.2,379.6,22175,3320.0,6.68,7142.0
2024-01-19,379.4,385.05,379.4,384.1,19345,1367.0,14.15,13103.0
2024-01-20,387.0,394.0,378.85,383.15,22094,1336.0,16.54,13841.0
2024-01-23,383.95,385.0,361.2,366.55,46964,3425.0,13.71,25337.0
2024-01-24,365.35,379.3,365.35,375.2,25316,2809.0,9.01,9187.0
2024-01-25,386.65,388.8,380.4,385.4,24428,1892.0,12.91,11094.0
2024-01-29,391.2,391.8,370.0,374.3,29368,3419.0,8.59,12009.0
2024-01-30,374.3,378.95,370.6,374.2,14071,1172.0,12.01,7290.0
2024-01-31,374.15,376.4,364.45,373.2,12041,996.0,12.09,6786.0
2024-02-01,370.0,379.0,370.0,372.3,10645,1678.0,6.34,4171.0
2024-02-02,373.5,387.8,359.95,365.7,27352,2379.0,11.5,12749.0
2024-02-05,361.6,361.6,300.1,305.0,433760,17132.0,25.32,269406.0
2024-02-06,310.05,324.0,293.9,299.25,168045,9130.0,18.41,88081.0
2024-02-07,305.0,306.5,296.35,299.65,93877,4162.0,22.56,59076.0
2024-02-08,300.1,302.0,288.9,294.15,85594,4703.0,18.2,49416.0
2024-02-09,298.65,320.0,294.15,313.75,205461,17748.0,11.58,69041.0
2024-02-12,316.5,316.5,302.6,304.85,38812,2334.0,16.63,22076.0
2024-02-13,309.0,309.0,300.0,302.3,36761,2413.0,15.23,19989.0
2024-02-14,288.0,325.0,288.0,319.5,86981,7261.0,11.98,41840.0
2024-02-15,319.55,322.95,312.0,318.1,26744,2774.0,9.64,15483.0
2024-02-16,321.3,325.0,316.0,321.6,49355,4994.0,9.88,29496.0
2024-02-19,326.5,326.5,316.1,320.0,53116,3035.0,17.5,37917.0
2024-02-20,323.2,323.2,313.0,314.2,30548,2932.0,10.42,18697.0
2024-02-21,314.2,321.0,302.0,308.35,15012,1273.0,11.79,9849.0
2024-02-22,303.7,313.0,303.0,311.9,20260,1156.0,17.53,10940.0
2024-02-23,315.0,315.0,306.1,307.25,18459,1818.0,10.15,8704.0
2024-02-26,309.9,311.15,306.0,309.55,11238,1006.0,11.17,7426.0
2024-02-27,304.3,313.35,304.3,306.9,21296,1110.0,19.19,13019.0
2024-02-28,311.5,311.5,298.0,302.8,34184,1447.0,23.62,26454.0
2024-02-29,302.1,307.7,294.0,298.1,21575,1282.0,16.83,14417.0
2024-03-01,299.45,309.35,299.45,306.05,37609,3228.0,11.65,20764.0
2024-03-02,310.0,312.15,306.0,308.55,2429,148.0,16.41,1632.0
2024-03-04,308.0,309.95,302.65,306.85,14711,1492.0,9.86,8553.0
2024-03-05,306.85,310.0,301.25,305.35,16137,1303.0,12.38,7473.0
2024-03-06,305.6,309.6,298.0,308.1,24818,1565.0,15.86,16565.0
2024-03-07,309.95,309.95,301.65,303.25,14568,1146.0,12.71,7523.0
2024-03-11,303.55,305.0,297.3,302.15,14611,1459.0,10.01,9079.0
2024-03-12,302.55,304.9,286.65,288.75,24817,1779.0,13.95,16496.0
2024-03-13,290.2,303.8,280.15,286.95,28257,3004.0,9.41,18875.0
2024-03-14,291.25,302.0,279.9,297.45,43143,1255.0,34.38,35527.0
2024-03-15,293.55,301.35,290.95,295.75,13526,975.0,13.87,8410.0
2024-03-18,293.95,300.0,283.95,286.65,22517,1236.0,18.22,14366.0
2024-03-19,291.0,293.65,281.35,285.0,14611,988.0,14.79,8664.0
2024-03-20,288.45,288.95,282.0,288.0,28181,872.0,32.32,23597.0
2024-03-21,288.0,292.45,282.2,283.75,17959,1006.0,17.85,11181.0
2024-03-22,280.3,289.0,280.3,286.95,20320,837.0,24.28,13780.0
2024-03-26,289.0,295.0,274.35,275.65,60785,2386.0,25.48,41315.0
2024-03-27,274.45,284.75,273.6,280.7,47600,2684.0,17.73,32250.0
2024-03-28,284.9,284.9,273.7,276.6,26509,789.0,33.6,21998.0
2024-04-01,280.65,285.0,278.7,283.65,7499,486.0,15.43,4733.0
2024-04-02,285.1,302.75,285.1,300.65,28019,1685.0,16.63,15453.0
2024-04-03,296.15,310.55,296.15,303.6,47153,2071.0,22.77,26281.0
2024-04-04,306.45,314.0,303.35,312.75,36501,2072.0,17.62,25349.0
2024-04-05,312.95,313.45,309.5,311.45,30290,1256.0,24.12,20516.0
2024-04-08,311.45,312.6,303.0,304.45,10990,1369.0,8.03,6119.0
2024-04-09,306.45,307.95,295.0,297.75,7861,847.0,9.28,4881.0
2024-04-10,302.35,303.35,294.95,296.5,13752,1045.0,13.16,8435.0
2024-04-12,294.0,299.8,290.7,293.55,13659,1400.0,9.76,8341.0
2024-04-15,286.0,296.9,281.05,287.3,16529,1481.0,11.16,7144.0
2024-04-16,291.8,331.5,289.1,321.45,154255,6937.0,22.24,62826.0
2024-04-18,324.95,335.0,319.05,323.15,107585,7179.0,14.99,48666.0
2024-04-19,314.05,320.1,313.05,318.2,21550,1893.0,11.38,11322.0
2024-04-22,330.0,348.0,321.2,333.7,95990,6032.0,15.91,45020.0
2024-04-23,336.55,336.55,324.25,325.6,18009,1987.0,9.06,10705.0
2024-04-24,328.85,333.0,316.3,320.65,42977,5321.0,8.08,23706.0
2024-04-25,320.2,340.0,320.15,333.35,38225,2830.0,13.51,22978.0
2024-04-26,332.0,346.0,330.35,343.55,80320,5068.0,15.85,57974.0
2024-04-29,345.95,362.0,344.05,351.8,75103,5081.0,14.78,43580.0
2024-04-30,350.0,372.9,350.0,361.55,117253,8172.0,14.35,54287.0
2024-05-02,363.9,373.4,360.6,366.3,35013,2837.0,12.34,18679.0
2024-05-03,373.9,374.0,354.65,357.2,49454,6027.0,8.21,13887.0
2024-05-06,357.1,359.3,340.0,343.5,23216,3130.0,7.42,11127.0
2024-05-07,343.0,343.0,325.55,327.45,21928,2493.0,8.8,11003.0
2024-05-08,327.45,337.6,320.3,335.95,32077,4439.0,7.23,13769.0
2024-05-09,335.95,335.95,321.25,324.95,13384,1213.0,11.03,8613.0
2024-05-10,325.75,327.0,320.0,322.6,8854,1275.0,6.94,3540.0
2024-05-13,327.2,329.0,314.95,324.65,7824,719.0,10.88,3506.0
2024-05-14,324.2,331.95,322.65,324.25,8199,965.0,8.5,4235.0
2024-05-15,329.1,335.45,323.0,326.35,22059,1319.0,16.72,6559.0
2024-05-16,329.8,362.0,321.05,339.0,179452,5828.0,30.79,42229.0
2024-05-17,345.65,362.0,345.65,357.7,134606,4382.0,30.72,43091.0
2024-05-18,361.0,375.5,352.0,361.05,16385,415.0,39.48,11748.0
2024-05-21,354.8,354.8,340.35,351.15,48782,2625.0,18.58,29229.0
2024-05-22,351.65,352.85,340.1,343.8,36900,2585.0,14.27,24101.0
2024-05-23,344.65,348.0,329.9,332.15,23119,1678.0,13.78,13665.0
2024-05-24,333.4,350.0,333.4,342.15,44799,3676.0,12.19,18183.0
2024-05-27,343.5,345.2,331.95,334.5,29603,2321.0,12.75,17927.0
2024-05-28,337.2,340.95,333.0,337.8,25537,2229.0,11.46,12958.0
2024-05-29,337.8,347.5,335.5,343.05,17704,1268.0,13.96,9544.0
2024-05-30,343.05,343.05,326.0,332.3,25165,3106.0,8.1,9197.0
2024-05-31,335.0,342.15,317.5,326.1,53293,2779.0,19.18,35038.0
2024-06-03,332.6,335.95,322.8,324.9,20511,1876.0,10.93,10967.0
2024-06-04,329.75,329.75,275.0,300.4,43894,3170.0,13.85,22911.0
2024-06-05,300.4,329.0,292.1,326.25,44516,2910.0,15.3,24666.0
2024-06-06,327.0,340.0,321.4,328.4,31574,2518.0,12.54,17640.0
2024-06-07,333.25,345.45,332.95,335.1,36251,2545.0,14.24,22589.0
2024-06-10,340.0,345.15,335.15,337.7,15790,1229.0,12.85,8927.0
2024-06-11,337.55,342.7,330.9,334.7,14346,1744.0,8.23,7114.0
2024-06-12,335.8,346.95,335.0,340.95,25265,2109.0,11.98,16315.0
2024-06-13,341.8,345.9,340.6,341.75,17455,1502.0,11.62,11450.0
2024-06-14,341.75,347.0,341.1,344.2,41771,1664.0,25.1,34423.0
2024-06-18,344.35,347.2,338.05,340.45,28932,1668.0,17.35,21622.0
2024-06-19,341.05,347.25,336.3,339.55,75753,2087.0,36.3,62491.0
2024-06-20,341.3,341.3,337.0,338.15,16613,1169.0,14.21,9654.0
2024-06-21,342.95,342.95,337.25,339.85,24671,845.0,29.2,20024.0
2024-06-24,343.0,344.9,338.35,340.3,40686,2995.0,13.58,28355.0
2024-06-25,338.05,342.0,338.05,340.1,22487,1485.0,15.14,14847.0
2024-06-26,340.1,342.4,338.55,340.55,20428,1528.0,13.37,14488.0
2024-06-27,342.3,342.3,331.3,333.05,20735,1121.0,18.5,14171.0
2024-06-28,334.1,341.25,334.05,337.75,16972,911.0,18.63,9456.0
2024-07-01,337.8,340.5,335.8,338.05,22073,1273.0,17.34,15450.0
2024-07-02,335.05,339.2,333.8,336.85,13776,1142.0,12.06,9509.0
2024-07-03,335.0,342.0,334.35,340.15,28284,1848.0,15.31,21046.0
2024-07-04,341.1,349.8,326.2,332.4,31942,2780.0,11.49,17665.0
2024-07-05,336.95,338.35,330.9,332.85,19844,1463.0,13.56,13247.0
2024-07-08,332.0,340.5,327.0,330.9,40726,2092.0,19.47,23499.0
2024-07-09,330.3,340.0,330.3,337.05,22587,1607.0,14.06,13038.0
2024-07-10,337.05,342.0,332.0,338.45,43179,2040.0,21.17,30282.0
2024-07-11,340.2,343.1,332.95,333.8,23244,1034.0,22.48,16909.0
2024-07-12,335.5,365.3,331.0,360.0,122510,6424.0,19.07,69306.0
2024-07-15,363.7,370.0,352.95,362.5,116753,6726.0,17.36,62057.0
2024-07-16,366.1,379.2,362.3,368.15,94603,7375.0,12.83,41973.0
2024-07-18,370.0,372.55,360.0,363.65,32930,2614.0,12.6,16485.0
2024-07-19,365.6,369.15,341.2,345.85,47501,3825.0,12.42,29648.0
2024-07-22,340.0,348.6,334.0,343.05,19985,2608.0,7.66,10283.0
2024-07-23,344.9,355.85,340.3,345.5,22829,5409.0,4.22,8162.0
2024-07-24,345.5,360.7,344.4,355.2,24821,3209.0,7.73,12575.0
2024-07-25,357.1,395.0,351.55,382.75,206295,10885.0,18.95,70186.0
2024-07-26,400.0,409.0,388.95,394.95,310111,14923.0,20.78,114303.0
2024-07-29,394.95,404.85,394.9,396.45,49220,2878.0,17.1,28522.0
2024-07-30,396.9,408.55,382.0,386.15,44636,4560.0,9.79,15842.0
2024-07-31,386.8,386.8,371.0,374.85,33000,3947.0,8.36,18181.0
2024-08-01,376.8,395.0,373.0,381.5,56227,5967.0,9.42,15031.0
2024-08-02,375.8,388.3,375.05,383.05,29958,4109.0,7.29,15501.0
2024-08-05,369.65,395.9,350.55,358.95,80265,11944.0,6.72,34240.0
2024-08-06,358.0,379.7,356.1,361.35,108016,14557.0,7.42,21073.0
2024-08-07,365.0,405.0,365.0,394.85,228907,22581.0,10.14,97535.0
2024-08-08,391.3,396.3,362.0,366.1,168816,13158.0,12.83,72677.0
2024-08-09,380.0,381.7,361.7,364.95,111035,10457.0,10.62,22887.0
2024-08-12,355.0,385.5,355.0,377.25,74051,7712.0,9.6,35565.0
2024-08-13,378.2,379.9,366.05,368.35,118656,6986.0,16.98,75879.0
2024-08-14,374.0,374.0,360.0,362.95,22632,2990.0,7.57,10483.0
2024-08-16,362.95,372.85,349.75,353.35,47841,4551.0,10.51,20928.0
2024-08-19,354.0,381.9,352.65,375.0,74537,5729.0,13.01,43798.0
2024-08-20,375.0,382.95,371.35,373.05,60861,3692.0,16.48,44497.0
2024-08-21,373.5,386.75,370.4,377.25,101804,4600.0,22.13,74019.0
2024-08-22,376.0,388.95,372.05,380.25,78642,6141.0,12.81,34435.0
2024-08-23,377.0,382.95,377.0,378.5,49748,2746.0,18.12,36550.0
2024-08-26,379.6,416.0,379.6,410.75,493986,28013.0,17.63,213107.0
2024-08-27,420.0,430.0,410.05,413.0,214977,14498.0,14.83,83920.0
2024-08-28,410.0,421.2,408.1,410.95,114172,7675.0,14.88,46834.0
2024-08-29,415.0,416.35,396.7,402.65,58977,3413.0,17.28,29057.0
2024-08-30,402.9,419.8,402.9,411.2,95695,12649.0,7.57,16654.0
2024-09-02,412.25,421.0,396.05,404.85,62891,4808.0,13.08,29225.0
2024-09-03,408.0,417.7,398.7,413.7,109732,14380.0,7.63,20031.0
2024-09-04,414.2,436.0,412.8,431.2,263250,16832.0,15.64,106236.0
2024-09-05,439.6,451.85,414.25,417.3,202301,10914.0,18.54,111629.0
2024-09-06,412.0,423.75,409.0,413.8,54613,5808.0,9.4,18459.0
2024-09-09,413.8,428.0,400.1,422.35,60539,5870,10.31,24094
2024-09-10,423.4,429.85,409.75,413.6,53291,4972,10.72,25167
2024-09-11,412.0,435.0,412.0,417.0,87314,9819,8.89,35327
2024-09-12,419.0,422.5,401.4,403.9,123696,8894,13.91,74868
2024-09-13,421.15,429.0,403.7,407.65,258332,10181,25.37,167065
2024-09-16,419.0,419.0,407.05,409.9,70560,7594,9.29,23975
2024-09-17,416.0,416.0,409.0,410.1,25603,1840,13.91,12512
2024-09-18,410.75,412.25,405.0,405.85,29804,1926,15.47,16947
2024-09-19,406.0,417.05,382.75,404.65,95229,7183,13.26,48432
2024-09-20,409.0,414.5,405.4,410.15,25629,1235,20.75,8222
2024-09-23,411.35,416.35,410.0,410.9,24749,1459,16.96,16199
2024-09-24,410.0,417.05,409.0,415.15,41593,1753,23.73,26993
2024-09-25,411.0,426.85,407.55,421.65,54402,2748,19.8,29343
2024-09-26,421.65,425.45,413.0,414.95,33125,1612,20.55,19328
2024-09-27,415.95,422.0,408.6,414.55,43510,2047,21.26,27829
2024-09-30,415.6,422.0,406.6,414.3,30544,1399,21.83,19730
2024-10-01,416.0,433.8,415.0,430.2,48261,1915,25.2,33919
2024-10-03,414.0,442.95,410.15,434.65,58264,1971,29.56,37572
2024-10-04,439.8,450.0,424.3,436.55,61570,2586,23.81,33639
2024-10-07,437.65,442.95,396.55,404.3,74601,2163,34.49,46012
2024-10-08,410.0,416.0,400.55,413.0,49984,3707,13.48,23671
2024-10-09,415.95,495.6,415.05,451.85,404899,10767,37.61,115286
2024-10-10,453.7,474.0,445.05,466.1,125119,5595,22.36,58300
2024-10-11,465.0,474.8,458.1,469.4,47410,2614,18.14,23754
2024-10-14,469.4,484.4,455.0,457.25,68558,3141,21.83,30488
2024-10-15,458.0,464.95,441.0,454.2,44871,1914,23.44,26332
2024-10-16,454.2,457.4,446.0,449.4,20340,1478,13.76,10003
2024-10-17,479.4,480.15,462.15,473.45,174862,7321,23.88,44836
2024-10-18,469.05,474.95,454.0,464.25,48093,2541,18.93,18443
2024-10-21,473.95,499.9,462.05,487.3,324228,11824,27.42,112008
2024-10-22,488.55,494.7,451.4,456.2,91295,3623,25.2,49475
2024-10-23,455.95,490.2,437.95,473.35,98603,4955,19.9,38863
2024-10-24,499.8,499.8,472.6,477.75,294841,9535,30.92,110489
2024-10-25,473.05,474.4,440.75,451.1,106791,4832,22.1,50345
2024-10-28,452.4,475.0,449.25,469.5,46726,2739,17.06,18139
2024-10-29,466.45,470.0,457.05,466.9,19749,2067,9.55,7280
2024-10-30,461.2,554.9,460.0,521.65,564755,19851,28.45,136468
2024-10-31,523.9,564.0,512.05,542.7,561264,17372,32.31,141620
2024-11-01,546.75,560.0,544.0,549.55,94340,3198,29.5,51474
2024-11-04,551.0,555.65,526.95,539.15,89435,3946,22.66,34446
2024-11-05,541.0,607.0,536.6,599.45,542952,22548,24.08,150851
2024-11-06,604.65,615.0,585.05,608.75,163652,6726,24.33,54282
2024-11-07,607.75,628.85,589.05,598.3,148870,5515,26.99,48515
2024-11-08,610.0,610.0,577.25,591.5,58910,2284,25.79,24365
2024-11-11,593.2,600.0,564.05,569.95,48817,2363,20.66,25489
